3 0.6080670611439842 0.8304274465691789 0.05406640368178823 0.3391451068616423
3 0.5495627876397107 0.8016479190101237 0.05704799474030242 0.33501687289088855
3 0.496370808678501 0.7843475815523059 0.04763971071663382 0.3060404949381327
3 0.45183103221564763 0.7691619797525309 0.040742932281393834 0.2897300337457817
3 0.4131591058514135 0.7541957255343082 0.0357166337935569 0.26823397075365585
3 0.3782478632478633 0.7339876265466817 0.03493425378040762 0.24188413948256476
3 0.3445726495726496 0.7199550056242969 0.028399079552925702 0.23349831271091107
3 0.31695923734385273 0.7096400449943757 0.020834976988823178 0.21849831271091127
3 0.2866535174227482 0.7530933633295838 0.2869822485207101 0.7784026996625422 0.2882971729125575 0.7851518560179978 0.2876397107166338 0.7992125984251969 0.29026955950032873 0.8042744656917885 0.299474030243261 0.8037120359955006 0.3027613412228797 0.8003374578177728 0.304404996712689 0.7840269966254219 0.3053911900065746 0.6220472440944882 0.3050624589086128 0.6017997750281214 0.30309007232084156 0.5967379077615298 0.29092702169625245 0.5961754780652418 0.2892833662064431 0.5989876265466817 0.28303747534516766 0.6456692913385826 0.28205128205128205 0.6704161979752531 0.28303747534516766 0.7418447694038245 0.2866535174227482 0.7530933633295838
3 0.2626561472715319 0.7452193475815523 0.2606837606837607 0.7525309336332958 0.26199868507560814 0.7598425196850394 0.267258382642998 0.7620922384701913 0.269888231426693 0.7581552305961755 0.27284681130834976 0.7469066366704162 0.2744904667981591 0.734533183352081 0.279750164365549 0.7322834645669292 0.2807363576594346 0.7289088863892014 0.2784352399737015 0.7114735658042745 0.28205128205128205 0.7013498312710911 0.28139381985535833 0.6816647919010124 0.28303747534516766 0.6422947131608548 0.28435239973701515 0.6389201349831272 0.2859960552268245 0.6175478065241845 0.28238001314924394 0.5967379077615298 0.2804076265614727 0.59392575928009 0.2705456936226167 0.5922384701912261 0.2679158448389218 0.5956130483689539 0.26429980276134124 0.6344206974128234 0.26199868507560814 0.6850393700787402 0.26331360946745563 0.6968503937007874 0.2626561472715319 0.7452193475815523
3 0.24194608809993426 0.7435320584926884 0.24293228139381987 0.7632170978627671 0.2465483234714004 0.766029246344207 0.2583826429980276 0.7637795275590551 0.2606837606837607 0.7598425196850394 0.26298487836949375 0.7485939257592801 0.26331360946745563 0.7204724409448819 0.26232741617357 0.7148481439820022 0.26397107166337935 0.6979752530933633 0.26397107166337935 0.6422947131608548 0.2666009204470743 0.6158605174353206 0.2646285338593031 0.5995500562429696 0.2600262984878369 0.5922384701912261 0.25213675213675213 0.5916760404949382 0.2501643655489809 0.595050618672666 0.2495069033530572 0.6079865016872891 0.2455621301775148 0.6344206974128234 0.24391847468770544 0.6805399325084365 0.24424720578566733 0.7019122609673791 0.24194608809993426 0.7435320584926884
3 0.22057856673241288 0.7671541057367829 0.22287968441814596 0.7688413948256468 0.23175542406311636 0.7682789651293588 0.24326101249178173 0.7637795275590551 0.24293228139381987 0.6968503937007874 0.2445759368836292 0.6906636670416197 0.24358974358974358 0.6833520809898763 0.24621959237343852 0.625421822272216 0.24884944115713348 0.6113610798650169 0.24720578566732412 0.609673790776153 0.2445759368836292 0.593363329583802 0.23800131492439186 0.5899887514060742 0.23208415516107825 0.5916760404949382 0.23175542406311636 0.6040494938132733 0.22616699539776464 0.6304836895388076 0.22616699539776464 0.6586051743532059 0.22057856673241288 0.7671541057367829
3 0.20710059171597633 0.7244094488188977 0.20874424720578566 0.7334083239595051 0.20414201183431951 0.7553430821147357 0.20973044049967127 0.7564679415073116 0.2126890203813281 0.7632170978627671 0.21531886916502302 0.7615298087739033 0.22123602892833663 0.7671541057367829 0.2235371466140697 0.764341957255343 0.2255095332018409 0.7542182227221598 0.2264957264957265 0.6338582677165354 0.23175542406311636 0.6062992125984252 0.2314266929651545 0.5916760404949382 0.22978303747534518 0.5899887514060742 0.21860618014464167 0.5888638920134983 0.21663379355687049 0.5911136107986502 0.21597633136094674 0.6040494938132733 0.21005917159763313 0.6271091113610798 0.21005917159763313 0.6805399325084365 0.20677186061801447 0.6929133858267716 0.20775805391190005 0.6962879640044994 0.20710059171597633 0.7244094488188977
3 0.19559500328731097 0.6771653543307087 0.1985535831689678 0.6811023622047244 0.20019723865877712 0.68785151856018 0.20118343195266272 0.750843644544432 0.20512820512820512 0.749156355455568 0.20874424720578566 0.7435320584926884 0.20808678500986194 0.7412823397075365 0.2094017094017094 0.7362204724409449 0.20874424720578566 0.6805399325084365 0.21071663379355687 0.6580427446569179 0.21005917159763313 0.6321709786276716 0.21170282708744248 0.6197975253093363 0.21499013806706113 0.6079865016872891 0.21466140696909927 0.5995500562429696 0.21301775147928995 0.5956130483689539 0.21531886916502302 0.5916760404949382 0.21466140696909927 0.5899887514060742 0.20973044049967127 0.5871766029246345 0.2044707429322814 0.5871766029246345 0.20118343195266272 0.5899887514060742 0.1995397764628534 0.6057367829021373 0.1932938856015779 0.6355455568053994 0.19197896120973043 0.6670416197975253 0.19559500328731097 0.6771653543307087
3 0.18211702827087442 0.6625421822272216 0.1854043392504931 0.6676040494938132 0.19296515450361604 0.6681664791901012 0.1942800788954635 0.6338582677165354 0.19888231426692965 0.6040494938132733 0.19756738987508218 0.5916760404949382 0.19559500328731097 0.5877390326209224 0.1893491124260355 0.5866141732283464 0.1873767258382643 0.5883014623172104 0.18507560815253124 0.5967379077615298 0.18507560815253124 0.6037682789651294 0.1811308349769888 0.6276715410573678 0.1804733727810651 0.6541057367829022 0.18211702827087442 0.6625421822272216
3 0.16995397764628534 0.6664791901012374 0.1722550953320184 0.6692913385826772 0.1814595660749507 0.6670416197975253 0.18178829717291256 0.6282339707536558 0.1834319526627219 0.6136107986501688 0.1863905325443787 0.6068616422947132 0.1863905325443787 0.595050618672666 0.18277449046679817 0.5860517435320585 0.1765285996055227 0.5849268841394826 0.17422748191978962 0.5877390326209224 0.17488494411571334 0.6046119235095613 0.16929651545036162 0.625421822272216 0.16863905325443787 0.6507311586051744 0.16995397764628534 0.6664791901012374
3 0.16962524654832348 0.6968503937007874 0.16962524654832348 0.7080989876265467 0.16699539776462854 0.7277840269966255 0.16798159105851412 0.7289088863892014 0.16863905325443787 0.7266591676040495 0.17061143984220908 0.7289088863892014 0.17981591058514135 0.7244094488188977 0.18244575936883628 0.7204724409448819 0.1814595660749507 0.7176602924634421 0.1814595660749507 0.6827896512935883 0.17718606180144642 0.6805399325084365 0.1702827087442472 0.6889763779527559 0.17094017094017094 0.6946006749156356 0.16962524654832348 0.6968503937007874
3 0.1804733727810651 0.718785151856018 0.18507560815253124 0.7215973003374578 0.1893491124260355 0.7210348706411699 0.19066403681788296 0.7120359955005624 0.1893491124260355 0.7047244094488189 0.18902038132807364 0.6799775028121485 0.18573307034845496 0.670978627671541 0.18310322156476003 0.6771653543307087 0.18178829717291256 0.6968503937007874 0.17915844838921763 0.7047244094488189 0.17882971729125574 0.7148481439820022 0.1804733727810651 0.718785151856018
3 0.14858645627876396 0.6602924634420697 0.14760026298487838 0.6698537682789651 0.15023011176857332 0.6732283464566929 0.15285996055226825 0.6698537682789651 0.15351742274819197 0.6614173228346457 0.1581196581196581 0.6636670416197975 0.15910585141354372 0.6197975253093363 0.1623931623931624 0.6068616422947132 0.16436554898093358 0.5838020247469067 0.15483234714003946 0.5815523059617548 0.14858645627876396 0.5832395950506186 0.1462853385930309 0.5860517435320585 0.1462853385930309 0.5894263217097863 0.14398422090729784 0.594488188976378 0.1443129520052597 0.6541057367829022 0.14858645627876396 0.6602924634420697
3 0.14661406969099278 0.7193475815523059 0.14957264957264957 0.7170978627671541 0.1492439184746877 0.7114735658042745 0.15450361604207757 0.7069741282339708 0.1564760026298488 0.7013498312710911 0.15680473372781065 0.6940382452193475 0.1581196581196581 0.6929133858267716 0.15779092702169625 0.6844769403824522 0.1525312294543064 0.6822272215973003 0.15055884286653518 0.6743532058492688 0.14891518737672585 0.6760404949381328 0.1462853385930309 0.6872890888638921 0.14497041420118342 0.7170978627671541 0.14661406969099278 0.7193475815523059
3 0.1571334648257725 0.6788526434195725 0.1581196581196581 0.6816647919010124 0.1564760026298488 0.6889763779527559 0.1564760026298488 0.6976940382452194 0.15450361604207757 0.7047244094488189 0.15450361604207757 0.7125984251968503 0.15779092702169625 0.7322834645669292 0.16568047337278108 0.7322834645669292 0.1712689020381328 0.7283464566929134 0.1722550953320184 0.7204724409448819 0.17159763313609466 0.6422947131608548 0.17882971729125574 0.6383577052868391 0.18014464168310323 0.6276715410573678 0.17882971729125574 0.6226096737907761 0.18014464168310323 0.6164229471316085 0.18178829717291256 0.6152980877390326 0.1811308349769888 0.609111361079865 0.1765285996055227 0.6029246344206974 0.17422748191978962 0.5866141732283464 0.16798159105851412 0.5838020247469067 0.1653517422748192 0.5838020247469067 0.16403681788297172 0.5860517435320585 0.1623931623931624 0.595050618672666 0.16305062458908612 0.5978627671541057 0.1581196581196581 0.6220472440944882 0.1571334648257725 0.6428571428571429 0.1581196581196581 0.6659167604049494 0.1571334648257725 0.6788526434195725