3 0.6139506578947369 0.8344671201814059 0.04368749999999998 0.3310657596371882
3 0.5553815789473684 0.812312925170068 0.04990789473684204 0.32643990929705224
3 0.5013618421052632 0.7912358276643991 0.04877302631578947 0.31546485260770973
3 0.45571710526315795 0.7739342403628118 0.03643421052631586 0.2836961451247166
3 0.4168717105263158 0.7553061224489795 0.03440131578947366 0.2747845804988661
3 0.36546052631578946 0.7511337868480725 0.36447368421052634 0.7834467120181405 0.36578947368421055 0.8061224489795918 0.3674342105263158 0.8112244897959183 0.36973684210526314 0.8129251700680272 0.3726973684210526 0.8112244897959183 0.3736842105263158 0.8061224489795918 0.3815789473684211 0.8044217687074829 0.38223684210526315 0.8100907029478458 0.38651315789473684 0.8191609977324263 0.38848684210526313 0.8616780045351474 0.39276315789473687 0.8713151927437641 0.3980263157894737 0.8656462585034014 0.40032894736842106 0.854875283446712 0.4006578947368421 0.6961451247165533 0.4019736842105263 0.6746031746031746 0.40131578947368424 0.6575963718820862 0.39276315789473687 0.6388888888888888 0.3930921052631579 0.6218820861678005 0.39210526315789473 0.6179138321995464 0.3756578947368421 0.6167800453514739 0.3707236842105263 0.6196145124716553 0.36973684210526314 0.6292517006802721 0.3707236842105263 0.6482426303854876 0.36644736842105263 0.6666666666666666 0.36414473684210524 0.6882086167800453 0.3638157894736842 0.7409297052154195 0.36546052631578946 0.7511337868480725
3 0.33322368421052634 0.7250566893424036 0.3348684210526316 0.7341269841269841 0.3348684210526316 0.75 0.3338815789473684 0.8038548752834467 0.3319078947368421 0.8333333333333334 0.3335526315789474 0.8418367346938775 0.33848684210526314 0.8429705215419501 0.36019736842105265 0.8333333333333334 0.3638157894736842 0.8293650793650794 0.36546052631578946 0.822562358276644 0.36414473684210524 0.7974302721088435 0.3651315789473684 0.7908163265306123 0.36282894736842103 0.7840136054421769 0.3651315789473684 0.7789115646258503 0.3651315789473684 0.6757369614512472 0.3680921052631579 0.6496598639455783 0.36151315789473687 0.6286848072562359 0.3618421052631579 0.6173469387755102 0.36019736842105265 0.6111111111111112 0.3414473684210526 0.6111111111111112 0.3401315789473684 0.623015873015873 0.3430921052631579 0.6445578231292517 0.3404605263157895 0.6519274376417233 0.3355263157894737 0.6581632653061225 0.3335526315789474 0.6700680272108843 0.33453947368421055 0.6938775510204082 0.33322368421052634 0.7250566893424036
3 0.3078947368421053 0.7040816326530612 0.3082236842105263 0.7284580498866213 0.30723684210526314 0.731859410430839 0.3088815789473684 0.7392290249433107 0.3069078947368421 0.7596371882086168 0.30625 0.7868480725623582 0.3049342105263158 0.7908163265306123 0.30526315789473685 0.8106575963718821 0.30625 0.8180272108843537 0.31217105263157896 0.8270975056689343 0.31776315789473686 0.8304988662131519 0.32598684210526313 0.8299319727891157 0.33026315789473687 0.826530612244898 0.3299342105263158 0.8129251700680272 0.3338815789473684 0.8078231292517006 0.3338815789473684 0.7653061224489796 0.33519736842105263 0.7482993197278912 0.3335526315789474 0.7273242630385488 0.3348684210526316 0.7006802721088435 0.3338815789473684 0.6746031746031746 0.3355263157894737 0.6604308390022676 0.34210526315789475 0.6445578231292517 0.34210526315789475 0.6417233560090703 0.3325657894736842 0.6218820861678005 0.33157894736842103 0.6184807256235828 0.33223684210526316 0.6122448979591837 0.3299342105263158 0.6071428571428571 0.3207236842105263 0.6071428571428571 0.3167763157894737 0.6111111111111112 0.3171052631578947 0.6388888888888888 0.31513157894736843 0.6502267573696145 0.3101973684210526 0.6496598639455783 0.3088815789473684 0.6655328798185941 0.30986842105263157 0.687641723356009 0.3078947368421053 0.7040816326530612
3 0.28618421052631576 0.7386621315192744 0.28980263157894737 0.7551020408163265 0.29177631578947366 0.7760770975056689 0.29046052631578945 0.782312925170068 0.29078947368421054 0.7998866213151927 0.29276315789473684 0.8072562358276644 0.29177631578947366 0.8100907029478458 0.3013157894736842 0.8106575963718821 0.3042763157894737 0.8066893424036281 0.3042763157894737 0.7976190476190477 0.30657894736842106 0.7868480725623582 0.30657894736842106 0.753968253968254 0.30855263157894736 0.7454648526077098 0.3078947368421053 0.7071048752834468 0.30953947368421053 0.6921768707482994 0.3092105263157895 0.659297052154195 0.31546052631578947 0.6479591836734694 0.31644736842105264 0.6434240362811792 0.3134868421052632 0.626984126984127 0.30657894736842106 0.6116780045351474 0.30723684210526314 0.604875283446712 0.30625 0.6026077097505669 0.2944078947368421 0.6031746031746031 0.29473684210526313 0.6133786848072562 0.28848684210526315 0.6581632653061225 0.2894736842105263 0.6695011337868481 0.28717105263157894 0.6729024943310657 0.28651315789473686 0.6972789115646258 0.2875 0.7120181405895691 0.28618421052631576 0.7386621315192744
3 0.2657894736842105 0.7420634920634921 0.26480263157894735 0.7630385487528345 0.2680921052631579 0.7675736961451247 0.27401315789473685 0.7636054421768708 0.2736842105263158 0.7613378684807256 0.28388157894736843 0.7397959183673469 0.2855263157894737 0.731859410430839 0.2845394736842105 0.7250566893424036 0.28717105263157894 0.7154195011337868 0.28618421052631576 0.7091836734693877 0.28618421052631576 0.6621315192743764 0.28980263157894737 0.6383219954648526 0.28980263157894737 0.6213151927437641 0.2848684210526316 0.6020408163265306 0.28289473684210525 0.5986394557823129 0.27269736842105263 0.5975056689342404 0.27039473684210524 0.5992063492063492 0.2700657894736842 0.6099773242630385 0.2654605263157895 0.6377551020408163 0.26480263157894735 0.6933106575963719 0.2657894736842105 0.7420634920634921
3 0.2450657894736842 0.764172335600907 0.24671052631578946 0.7709750566893424 0.2493421052631579 0.7726757369614512 0.26217105263157897 0.7709750566893424 0.2657894736842105 0.7675736961451247 0.2657894736842105 0.641156462585034 0.26611842105263156 0.6298185941043084 0.26842105263157895 0.6179138321995464 0.2680921052631579 0.6026077097505669 0.26611842105263156 0.5980725623582767 0.2565789473684211 0.5969387755102041 0.25394736842105264 0.5992063492063492 0.25394736842105264 0.61281179138322 0.24967105263157896 0.6332199546485261 0.24638157894736842 0.6865079365079365 0.24703947368421053 0.7023809523809523 0.2450657894736842 0.764172335600907
3 0.22730263157894737 0.7517006802721088 0.22763157894736843 0.7721088435374149 0.23026315789473684 0.7743764172335601 0.24046052631578949 0.7732426303854876 0.24539473684210528 0.7715419501133787 0.24703947368421053 0.7675736961451247 0.24638157894736842 0.7505668934240363 0.24802631578947368 0.7222222222222222 0.24868421052631579 0.6558956916099773 0.2509868421052632 0.6264172335600907 0.2523026315789474 0.6224489795918368 0.2513157894736842 0.6150793650793651 0.2450657894736842 0.5986394557823129 0.2361842105263158 0.5986394557823129 0.2381578947368421 0.6043083900226758 0.23717105263157895 0.6111111111111112 0.23421052631578948 0.6162131519274376 0.23157894736842105 0.626984126984127 0.2299342105263158 0.6468253968253969 0.2299342105263158 0.7208996598639456 0.22730263157894737 0.7517006802721088
3 0.22039473684210525 0.7766439909297053 0.22467105263157894 0.7749433106575964 0.22828947368421051 0.7709750566893424 0.22828947368421051 0.735827664399093 0.22960526315789473 0.7295918367346939 0.22861842105263158 0.7165532879818595 0.2325657894736842 0.6247165532879818 0.23421052631578948 0.6150793650793651 0.23125 0.5992063492063492 0.22828947368421051 0.5941043083900227 0.22006578947368421 0.5952380952380952 0.22006578947368421 0.6060090702947846 0.21414473684210528 0.626984126984127 0.2131578947368421 0.6366213151927438 0.2131578947368421 0.685374149659864 0.21118421052631578 0.6989795918367347 0.21118421052631578 0.7630385487528345 0.22039473684210525 0.7766439909297053
3 0.2026315789473684 0.6933106575963719 0.20328947368421052 0.7414965986394558 0.20394736842105263 0.7482993197278912 0.2075657894736842 0.75 0.21052631578947367 0.7477324263038548 0.21151315789473685 0.7414965986394558 0.21348684210526317 0.6360544217687075 0.21480263157894736 0.6247165532879818 0.21842105263157896 0.6133786848072562 0.21776315789473685 0.5941043083900227 0.20723684210526316 0.5918367346938775 0.2049342105263158 0.594671201814059 0.2036184210526316 0.608843537414966 0.20098684210526316 0.6111111111111112 0.20098684210526316 0.6190476190476191 0.19736842105263158 0.6383219954648526 0.19671052631578947 0.6768707482993197 0.2026315789473684 0.6933106575963719
3 0.18355263157894736 0.6683673469387755 0.17335526315789473 0.719954648526077 0.17335526315789473 0.7244897959183674 0.1756578947368421 0.7256235827664399 0.17763157894736842 0.7324263038548753 0.18947368421052632 0.7295918367346939 0.19177631578947368 0.7244897959183674 0.18980263157894736 0.70578231292517 0.19013157894736843 0.6921768707482994 0.18651315789473685 0.6746031746031746 0.18881578947368421 0.671201814058957 0.1944078947368421 0.6729024943310657 0.19736842105263158 0.6706349206349206 0.19769736842105262 0.6320861678004536 0.2026315789473684 0.6150793650793651 0.20230263157894737 0.6071428571428571 0.1993421052631579 0.6037414965986394 0.19769736842105262 0.5952380952380952 0.19342105263157894 0.5929705215419501 0.19144736842105264 0.5952380952380952 0.19111842105263158 0.6031746031746031 0.1868421052631579 0.6116780045351474 0.18421052631578946 0.6258503401360545 0.18289473684210528 0.6490929705215419 0.18355263157894736 0.6683673469387755
3 0.16217105263157894 0.7120181405895691 0.16217105263157894 0.7335600907029478 0.17039473684210527 0.7369614512471655 0.17993421052631578 0.731859410430839 0.18157894736842106 0.7244897959183674 0.1805921052631579 0.7052154195011338 0.18322368421052632 0.6683673469387755 0.18322368421052632 0.6332199546485261 0.18453947368421053 0.623015873015873 0.18717105263157896 0.6150793650793651 0.1875 0.6077097505668935 0.18519736842105264 0.5952380952380952 0.1825657894736842 0.5924036281179138 0.17763157894736842 0.5929705215419501 0.17467105263157895 0.6020408163265306 0.17105263157894737 0.6071428571428571 0.17039473684210527 0.6298185941043084 0.16710526315789473 0.6536281179138322 0.16776315789473684 0.6598639455782312 0.16480263157894737 0.6615646258503401 0.16611842105263158 0.6638321995464853 0.16611842105263158 0.6695011337868481 0.1631578947368421 0.6831065759637188 0.16546052631578947 0.6893424036281179 0.16217105263157894 0.7120181405895691
3 0.16085526315789472 0.6746031746031746 0.15986842105263158 0.6768707482993197 0.15986842105263158 0.6904761904761905 0.15789473684210525 0.6933106575963719 0.15953947368421054 0.6967120181405896 0.15953947368421054 0.703514739229025 0.15888157894736843 0.7069160997732427 0.15296052631578946 0.7114512471655329 0.14901315789473685 0.721655328798186 0.15164473684210528 0.7301587301587301 0.16019736842105264 0.7295918367346939 0.16052631578947368 0.7363945578231292 0.16217105263157894 0.7397959183673469 0.16842105263157894 0.735827664399093 0.17039473684210527 0.7131519274376418 0.16973684210526316 0.671201814058957 0.17171052631578948 0.6621315192743764 0.17105263157894737 0.6422902494331065 0.17335526315789473 0.6111111111111112 0.175 0.6071428571428571 0.17434210526315788 0.594671201814059 0.1730263157894737 0.5918367346938775 0.16973684210526316 0.5901360544217688 0.1680921052631579 0.5924036281179138 0.16710526315789473 0.6031746031746031 0.16282894736842105 0.6116780045351474 0.16085526315789472 0.6196145124716553 0.15953947368421054 0.6490929705215419 0.16085526315789472 0.6746031746031746