3 0.6453445945945946 0.8240169491525424 0.044070945945945884 0.33446892655367216
3 0.5855574324324324 0.8057005649717514 0.05793918918918919 0.3402146892655366
3 0.5258412162162163 0.7827966101694915 0.046618243243243325 0.30852542372881364
3 0.47918581081081085 0.7707457627118645 0.04283108108108115 0.29007909604519777
3 0.4392128378378378 0.7537344632768361 0.03889864864864861 0.2588757062146893
3 0.3820945945945946 0.7757062146892655 0.3844594594594595 0.7790960451977401 0.3898648648648649 0.7813559322033898 0.39256756756756755 0.7949152542372881 0.3969594594594595 0.8005649717514124 0.4 0.8169491525423729 0.4027027027027027 0.8214689265536723 0.40304054054054056 0.8259887005649718 0.40033783783783783 0.8288135593220339 0.40168918918918917 0.8370056497175141 0.40168918918918917 0.8406779661016949 0.4 0.843502824858757 0.40168918918918917 0.8548022598870056 0.40033783783783783 0.8621468926553673 0.4077702702702703 0.864406779661017 0.41216216216216217 0.8632768361581921 0.4158783783783784 0.8570621468926554 0.4185810810810811 0.696045197740113 0.4195945945945946 0.6909604519774011 0.4179054054054054 0.6841807909604519 0.41993243243243245 0.6644067796610169 0.41824324324324325 0.6497175141242938 0.4101351351351351 0.631638418079096 0.41047297297297297 0.6135593220338983 0.40945945945945944 0.6107344632768361 0.3912162162162162 0.6101694915254238 0.3881756756756757 0.611864406779661 0.3891891891891892 0.631638418079096 0.38716216216216215 0.6378531073446327 0.3875 0.6463276836158192 0.3831081081081081 0.6576271186440678 0.38175675675675674 0.6740112994350282 0.38074324324324327 0.7050847457627119 0.3820945945945946 0.7757062146892655
3 0.35236486486486485 0.735593220338983 0.35202702702702704 0.7655367231638418 0.34966216216216217 0.7983050847457627 0.3510135135135135 0.8225988700564971 0.3527027027027027 0.8265536723163842 0.36486486486486486 0.8259887005649718 0.3662162162162162 0.8225988700564971 0.37364864864864866 0.8186440677966101 0.37398648648648647 0.8141242937853107 0.3766891891891892 0.8107344632768362 0.37635135135135134 0.784180790960452 0.38141891891891894 0.7768361581920904 0.38074324324324327 0.6768361581920904 0.3847972972972973 0.6418079096045197 0.3783783783783784 0.6206214689265537 0.37905405405405407 0.6090395480225989 0.377027027027027 0.603954802259887 0.36283783783783785 0.6033898305084746 0.3570945945945946 0.6056497175141243 0.3564189189189189 0.6389830508474577 0.35743243243243245 0.6451977401129944 0.3554054054054054 0.652542372881356 0.35135135135135137 0.656497175141243 0.35 0.6610169491525424 0.3493243243243243 0.6841807909604519 0.35236486486486485 0.735593220338983
3 0.3236486486486487 0.7197740112994351 0.3216216216216216 0.7909604519774012 0.3199324324324324 0.8084745762711865 0.3216216216216216 0.8175141242937853 0.33006756756756755 0.827683615819209 0.3290540540540541 0.8310734463276837 0.32972972972972975 0.8361581920903954 0.3341216216216216 0.8372881355932204 0.34695945945945944 0.8299435028248587 0.35 0.8141242937853107 0.3516891891891892 0.7361581920903955 0.35033783783783784 0.715819209039548 0.35033783783783784 0.6656983050847458 0.3510135135135135 0.6581920903954802 0.35405405405405405 0.6542372881355932 0.3554054054054054 0.6322033898305085 0.35405405405405405 0.6271186440677966 0.34797297297297297 0.6192090395480226 0.34966216216216217 0.6033898305084746 0.3476351351351351 0.5994350282485875 0.3344594594594595 0.5994350282485875 0.33006756756756755 0.6028248587570622 0.33006756756756755 0.6090395480225989 0.3222972972972973 0.6576271186440678 0.3222972972972973 0.7073446327683616 0.3236486486486487 0.7197740112994351
3 0.2972972972972973 0.7418079096045198 0.2976351351351351 0.796045197740113 0.3013513513513513 0.8073446327683615 0.30833344594594597 0.8073446327683615 0.31317567567567567 0.8112994350282486 0.3185810810810811 0.8107344632768362 0.32094594594594594 0.7994350282485876 0.3216216216216216 0.7813559322033898 0.3253378378378378 0.6237288135593221 0.3219594594594595 0.6112994350282486 0.3219594594594595 0.6067796610169491 0.31891891891891894 0.6011299435028249 0.3185810810810811 0.5954802259887005 0.30675675675675673 0.5949152542372881 0.30574324324324326 0.5966101694915255 0.29864864864864865 0.6446327683615819 0.2976351351351351 0.6841807909604519 0.2989864864864865 0.7192090395480226 0.2972972972972973 0.7418079096045198
3 0.2739864864864865 0.7169491525423729 0.275 0.7480225988700565 0.27905405405405403 0.7564971751412429 0.2831081081081081 0.7440677966101695 0.28412162162162163 0.7344632768361582 0.28614864864864864 0.7327683615819209 0.2935810810810811 0.7333333333333333 0.2956081081081081 0.7288135593220338 0.2959459459459459 0.711864406779661 0.2976351351351351 0.7011299435028249 0.29695945945945945 0.6802259887005649 0.2983108108108108 0.6451977401129944 0.3016891891891892 0.6192090395480226 0.2972972972972973 0.596045197740113 0.2945945945945946 0.5915254237288136 0.2810810810810811 0.5915254237288136 0.28074324324324323 0.6067796610169491 0.27668918918918917 0.6225988700564972 0.2739864864864865 0.6830508474576271 0.2739864864864865 0.7169491525423729
3 0.2581081081081081 0.7632768361581921 0.26756756756756755 0.7632768361581921 0.27635135135135136 0.7564971751412429 0.2739864864864865 0.711864406779661 0.28006756756756757 0.611864406779661 0.2797297297297297 0.5988700564971752 0.27804054054054056 0.5915254237288136 0.275 0.5892655367231638 0.2665540540540541 0.5892655367231638 0.264527027027027 0.5915254237288136 0.264527027027027 0.603954802259887 0.26182432432432434 0.611864406779661 0.2594594594594595 0.6333333333333333 0.25506756756756754 0.7610169491525424 0.2581081081081081 0.7632768361581921
3 0.2375 0.6932203389830508 0.23885135135135135 0.6966101694915254 0.23716216216216215 0.7468926553672316 0.23783783783783785 0.7655367231638418 0.25067567567567567 0.7655367231638418 0.25472972972972974 0.7632768361581921 0.2554054054054054 0.7604519774011299 0.2574324324324324 0.7333333333333333 0.26013513513513514 0.6259887005649718 0.26182432432432434 0.6192090395480226 0.26047297297297295 0.5988700564971752 0.2577702702702703 0.5898305084745763 0.2472972972972973 0.5870056497175141 0.24425675675675676 0.5909604519774011 0.24391891891891893 0.6073446327683616 0.24155405405405406 0.6112994350282486 0.23851351351351352 0.6265536723163841 0.2375 0.672316384180791 0.23851351351351352 0.6813559322033899 0.2375 0.6932203389830508
3 0.22195945945945947 0.6971751412429379 0.2206081081081081 0.7559322033898305 0.22128378378378377 0.7672316384180791 0.22466216216216217 0.7700564971751412 0.23716216216216215 0.7638418079096045 0.2391891891891892 0.7220338983050848 0.23885135135135135 0.631638418079096 0.24391891891891893 0.6067796610169491 0.2418918918918919 0.5915254237288136 0.2391891891891892 0.5887005649717514 0.23141891891891891 0.5864406779661017 0.22804054054054054 0.5898305084745763 0.2287162162162162 0.5949152542372881 0.22736486486486487 0.6028248587570622 0.22398648648648647 0.6112994350282486 0.22162162162162163 0.6259887005649718 0.22094594594594594 0.6570621468926554 0.2206081081081081 0.6853107344632768 0.22195945945945947 0.6971751412429379
3 0.20405405405405405 0.6751412429378532 0.20810810810810812 0.6903954802259887 0.20743243243243242 0.7480225988700565 0.21283783783783783 0.7553672316384181 0.21824324324324323 0.7531073446327684 0.2206081081081081 0.748587570621469 0.22195945945945947 0.6265536723163841 0.22364864864864864 0.6146892655367232 0.22702702702702704 0.6056497175141243 0.22702702702702704 0.5875706214689266 0.21587837837837837 0.5847457627118644 0.21283783783783783 0.588135593220339 0.2125 0.596045197740113 0.20945945945945946 0.6033898305084746 0.21013513513513513 0.6056497175141243 0.20608108108108109 0.6259887005649718 0.20574324324324325 0.668361581920904 0.20405405405405405 0.6751412429378532
3 0.19324324324324324 0.6672316384180791 0.19797297297297298 0.6694915254237288 0.20101351351351351 0.6740112994350282 0.20472972972972972 0.6728813559322034 0.20641891891891892 0.6548022598870057 0.2070945945945946 0.6169491525423729 0.2087837837837838 0.611864406779661 0.20844594594594595 0.5915254237288136 0.20641891891891892 0.5858757062146893 0.20067567567567568 0.584180790960452 0.1983108108108108 0.5870056497175141 0.19594594594594594 0.5954802259887005 0.19527027027027027 0.6073446327683616 0.19256756756756757 0.6129943502824858 0.19087837837837837 0.632768361581921 0.1902027027027027 0.6593220338983051 0.19324324324324324 0.6672316384180791
3 0.1783783783783784 0.6598870056497175 0.1777027027027027 0.6666666666666666 0.17871621621621622 0.6689265536723163 0.17601351351351352 0.6847457627118644 0.1777027027027027 0.6937853107344633 0.17635135135135135 0.6966101694915254 0.1766891891891892 0.7084745762711865 0.1783783783783784 0.7135593220338983 0.1777027027027027 0.715819209039548 0.1820945945945946 0.7248587570621469 0.1837837837837838 0.7203389830508474 0.1858108108108108 0.7203389830508474 0.19358108108108107 0.5994350282485875 0.19155405405405404 0.596045197740113 0.19155405405405404 0.5892655367231638 0.1902027027027027 0.5864406779661017 0.18547297297297297 0.5847457627118644 0.18412162162162163 0.5864406779661017 0.18344594594594596 0.5943502824858757 0.1804054054054054 0.5988700564971752 0.1810810810810811 0.6028248587570622 0.17804054054054055 0.6112994350282486 0.1766891891891892 0.6225988700564972 0.17533783783783785 0.6536723163841808 0.1783783783783784 0.6598870056497175