3 0.6096019736842105 0.8298808172531215 0.051440789473684245 0.3402383654937571
3 0.5525098684210527 0.8101418842224745 0.04745723684210526 0.3262996594778661
3 0.4980888157894737 0.7940749148694666 0.05374671052631575 0.316867196367764
3 0.4521118421052632 0.7738876276958002 0.03744736842105268 0.285011350737798
3 0.4143125 0.7535187287173667 0.03421710526315789 0.272644721906924
3 0.3618421052631579 0.7366628830874007 0.36348684210526316 0.7622020431328036 0.3631578947368421 0.8070374574347332 0.3651315789473684 0.8178206583427923 0.36414473684210524 0.825766174801362 0.3667763157894737 0.825766174801362 0.37335526315789475 0.8053348467650397 0.3819078947368421 0.8059023836549376 0.38223684210526315 0.8104426787741204 0.38651315789473684 0.8178206583427923 0.38848684210526313 0.8331441543700341 0.3888157894736842 0.8603859250851306 0.3924342105263158 0.8723041997729852 0.39703947368421055 0.8609534619750284 0.3963815789473684 0.8291713961407492 0.3944078947368421 0.8195232690124858 0.39703947368421055 0.8081725312145289 0.3983552631578947 0.7814982973893303 0.4 0.6577752553916004 0.39375 0.64472190692395 0.39210526315789473 0.6362088535754824 0.39210526315789473 0.6225879682179342 0.3907894736842105 0.6186152099886493 0.37236842105263157 0.6174801362088536 0.37006578947368424 0.6203178206583428 0.36907894736842106 0.6305334846765039 0.36973684210526314 0.6498297389330306 0.3648026315789474 0.6674233825198638 0.36282894736842103 0.688422247446084 0.36348684210526316 0.7167990919409761 0.3618421052631579 0.7366628830874007
3 0.3335526315789474 0.7116912599318955 0.33453947368421055 0.7304199772985244 0.33421052631578946 0.804199772985244 0.3319078947368421 0.8342792281498297 0.3335526315789474 0.8427922814982974 0.3394736842105263 0.8433598183881952 0.34769736842105264 0.8416572077185017 0.3526315789473684 0.837116912599319 0.36282894736842103 0.8337116912599319 0.3631578947368421 0.8217934165720772 0.36019736842105265 0.782633371169126 0.3631578947368421 0.779228149829739 0.36348684210526316 0.775255391600454 0.36151315789473687 0.7684449489216799 0.36348684210526316 0.7627695800227015 0.36019736842105265 0.7502837684449489 0.35986842105263156 0.742905788876277 0.3605263157894737 0.7236095346197503 0.36282894736842103 0.7167990919409761 0.3638157894736842 0.6759364358683314 0.3684210526315789 0.6503972758229285 0.36644736842105263 0.6424517593643587 0.3629934210526316 0.6370601589103292 0.36085526315789473 0.626560726447219 0.3618421052631579 0.6186152099886493 0.3595394736842105 0.612372304199773 0.3414473684210526 0.6118047673098751 0.3404605263157895 0.623155505107832 0.3417763157894737 0.6259931895573212 0.3424342105263158 0.641316685584563 0.3401315789473684 0.6515323496027242 0.33519736842105263 0.659477866061294 0.3335526315789474 0.6736662883087401 0.33519736842105263 0.6912599318955732 0.3335526315789474 0.7116912599318955
3 0.30723684210526314 0.7491486946651532 0.3049342105263158 0.7854710556186152 0.3036184210526316 0.7905788876276958 0.3049342105263158 0.7985244040862656 0.3046052631578947 0.8149829738933031 0.3088815789473684 0.8251986379114642 0.31414473684210525 0.8297389330306469 0.31414473684210525 0.8337116912599319 0.32335526315789476 0.8331441543700341 0.3299342105263158 0.8263337116912599 0.33026315789473687 0.8178206583427923 0.33421052631578946 0.8070374574347332 0.33453947368421055 0.7321225879682179 0.33289473684210524 0.724744608399546 0.3335526315789474 0.7122587968217934 0.3325657894736842 0.7099886492622021 0.3325657894736842 0.7060158910329172 0.3348684210526316 0.7009080590238366 0.3338815789473684 0.6736662883087401 0.3361842105263158 0.6566401816118048 0.34111842105263157 0.6458569807037458 0.34111842105263157 0.6424517593643587 0.33322368421052634 0.6288308740068105 0.33092105263157895 0.6180476730987514 0.33092105263157895 0.6106696935300795 0.31776315789473686 0.6089670828603859 0.3148026315789474 0.6112372304199774 0.3134868421052632 0.6441543700340522 0.30986842105263157 0.6492622020431328 0.3088815789473684 0.6538024971623155 0.30756578947368424 0.6816118047673099 0.30657894736842106 0.7116912599318955 0.30723684210526314 0.7491486946651532
3 0.28388157894736843 0.7366628830874007 0.2901315789473684 0.7678774120317821 0.29078947368421054 0.8104426787741204 0.30197368421052634 0.8104426787741204 0.3049342105263158 0.782633371169126 0.3042763157894737 0.7559591373439274 0.3069078947368421 0.7480136208853575 0.30723684210526314 0.6623155505107832 0.3078947368421053 0.6543700340522134 0.3118421052631579 0.6396140749148694 0.3115131578947368 0.6305334846765039 0.30723684210526314 0.6191827468785471 0.30657894736842106 0.6072644721906924 0.3046052631578947 0.6032917139614075 0.29539473684210527 0.6010215664018161 0.2901315789473684 0.6032917139614075 0.28848684210526315 0.6305334846765039 0.2832236842105263 0.6600454029511919 0.2822368421052632 0.6850170261066969 0.28388157894736843 0.7366628830874007
3 0.2674342105263158 0.7695800227014756 0.27269736842105263 0.7656072644721907 0.27269736842105263 0.7593643586833144 0.2746710526315789 0.7553916004540295 0.27598684210526314 0.7440408626560726 0.2832236842105263 0.7400681044267877 0.2845394736842105 0.7360953461975028 0.28421052631578947 0.6668558456299659 0.2832236842105263 0.6577752553916004 0.2875 0.6350737797956867 0.2878289473684211 0.6220204313280363 0.28289473684210525 0.6010215664018161 0.2733552631578947 0.5993189557321226 0.2710526315789474 0.601589103291714 0.2713815789473684 0.6157775255391601 0.26842105263157895 0.623155505107832 0.26611842105263156 0.6396140749148694 0.2638157894736842 0.6952326901248581 0.26348684210526313 0.761066969353008 0.2674342105263158 0.7695800227014756
3 0.24473684210526317 0.699205448354143 0.24276315789473685 0.7116912599318955 0.24407894736842106 0.7202043132803633 0.24407894736842106 0.7417707150964813 0.24243421052631578 0.7497162315550511 0.2355263157894737 0.7519863791146425 0.23421052631578948 0.7548240635641317 0.2348684210526316 0.7582292849035187 0.23684210526315788 0.7587968217934166 0.23914473684210527 0.775255391600454 0.2582236842105263 0.7729852440408627 0.2631578947368421 0.7712826333711691 0.26513157894736844 0.7678774120317821 0.2638157894736842 0.757094211123723 0.2644736842105263 0.7202043132803633 0.2631578947368421 0.695800227014756 0.2680921052631579 0.6146424517593644 0.26414473684210527 0.6004540295119183 0.2575657894736842 0.5976163450624291 0.2513157894736842 0.5993189557321226 0.2513157894736842 0.6118047673098751 0.24736842105263157 0.626560726447219 0.24375 0.6889897843359818 0.24473684210526317 0.699205448354143
3 0.2332236842105263 0.7775255391600454 0.24111842105263157 0.771850170261067 0.24342105263157895 0.7633371169125993 0.24243421052631578 0.7593643586833144 0.24407894736842106 0.7485811577752554 0.2450657894736842 0.6555051078320091 0.24703947368421053 0.6299659477866061 0.25 0.6118047673098751 0.24901315789473685 0.6032917139614075 0.24671052631578946 0.5981838819523269 0.2361842105263158 0.5959137343927355 0.2338815789473684 0.5993189557321226 0.23355263157894737 0.6118047673098751 0.22796052631578947 0.637911464245176 0.22467105263157894 0.7786606129398411 0.2332236842105263 0.7775255391600454
3 0.20986842105263157 0.7604994324631101 0.21052631578947367 0.7673098751418842 0.22072368421052632 0.7786606129398411 0.2243421052631579 0.775255391600454 0.22631578947368422 0.7701475595913735 0.22763157894736843 0.7497162315550511 0.22828947368421051 0.7156640181611805 0.22697368421052633 0.6963677639046538 0.22894736842105262 0.6753688989784336 0.22894736842105262 0.6367763904653803 0.2338815789473684 0.6146424517593644 0.2299342105263158 0.5976163450624291 0.22138157894736843 0.5947786606129398 0.2180921052631579 0.5970488081725313 0.21743421052631579 0.6078320090805902 0.21151315789473685 0.6356413166855845 0.21151315789473685 0.7167990919409761 0.20986842105263157 0.7604994324631101
3 0.19967105263157894 0.6889897843359818 0.2026315789473684 0.6929625425652668 0.20394736842105263 0.7031782065834279 0.2036184210526316 0.7440408626560726 0.2049342105263158 0.7508513053348468 0.20855263157894738 0.7525539160045402 0.21019736842105263 0.7451759364358683 0.20986842105263157 0.688422247446084 0.21151315789473685 0.6799091940976163 0.21085526315789474 0.6691259931895573 0.21217105263157895 0.6623155505107832 0.21151315789473685 0.6384790011350738 0.2125 0.626560726447219 0.21743421052631579 0.6083995459704881 0.21677631578947368 0.5953461975028377 0.20657894736842106 0.5936435868331441 0.2026315789473684 0.5959137343927355 0.2019736842105263 0.6106696935300795 0.19638157894736843 0.6339387060158911 0.19572368421052633 0.6424517593643587 0.19539473684210526 0.6736662883087401 0.19967105263157894 0.6889897843359818
3 0.18388157894736842 0.6679909194097616 0.18453947368421053 0.6986379114642451 0.18322368421052632 0.7088535754824064 0.17960526315789474 0.7202043132803633 0.17960526315789474 0.7253121452894438 0.18585526315789475 0.7298524404086265 0.18980263157894736 0.724744608399546 0.2026315789473684 0.6083995459704881 0.2019736842105263 0.5947786606129398 0.19276315789473683 0.5930760499432464 0.18947368421052632 0.5953461975028377 0.18848684210526315 0.5987514188422247 0.18947368421052632 0.6038592508513053 0.18552631578947368 0.6106696935300795 0.18289473684210528 0.6401816118047673 0.1825657894736842 0.659477866061294 0.18388157894736842 0.6679909194097616
3 0.17203947368421052 0.6833144154370034 0.16875 0.7190692395005676 0.1667763157894737 0.720771850170261 0.16875 0.7270147559591373 0.1674342105263158 0.7321225879682179 0.17401315789473684 0.7372304199772985 0.18322368421052632 0.7326901248581158 0.18552631578947368 0.728149829738933 0.18585526315789475 0.681044267877412 0.18453947368421053 0.6765039727582293 0.18355263157894736 0.6503972758229285 0.18388157894736842 0.6333711691259932 0.18881578947368421 0.6066969353007946 0.1875 0.5953461975028377 0.18125 0.5930760499432464 0.1769736842105263 0.594211123723042 0.1769736842105263 0.6055618615209989 0.17269736842105263 0.6169125993189557 0.17039473684210527 0.641316685584563 0.1700657894736842 0.6543700340522134 0.17203947368421052 0.6833144154370034