1 0.325953125 0.5146296296296295 0.024833333333333367 0.03321296296296286
1 0.3510625 0.5239259259259259 0.020218749999999966 0.03586111111111113
1 0.28046875 0.492037037037037 0.022598958333333384 0.0323333333333334
1 0.25692187499999997 0.4829444444444445 0.021354166666666636 0.02832407407407405
1 0.251578125 0.45914814814814814 0.01964062500000002 0.01973148148148143
1 0.2838177083333333 0.4575555555555556 0.03028645833333338 0.03249074074074077
1 0.32128125 0.43710185185185185 0.016484375000000048 0.025249999999999984
1 0.22364583333333332 0.41674074074074074 0.018609375000000008 0.01997222222222227
1 0.23953645833333334 0.4330555555555555 0.019479166666666655 0.02779629629629628
1 0.2606145833333333 0.4156111111111111 0.021760416666666654 0.03543518518518517
1 0.26395833333333335 0.38969444444444445 0.0174791666666667 0.019064814814814843
1 0.28202083333333333 0.4027777777777778 0.020713541666666658 0.034592592592592605
1 0.30164583333333334 0.37060185185185185 0.022078125000000053 0.028722222222222205
1 0.303453125 0.40703703703703703 0.01971354166666662 0.03778703703703699
1 0.32305729166666663 0.38322222222222224 0.020036458333333347 0.02562037037037033
1 0.319734375 0.34685185185185186 0.014390625000000056 0.02376851851851848
1 0.33736458333333336 0.35162037037037036 0.01875 0.027981481481481506
1 0.3545208333333333 0.3426574074074074 0.016171874999999978 0.027768518518518526
1 0.37971354166666665 0.3409351851851852 0.017713541666666662 0.026101851851851904
1 0.3230885416666667 0.4146574074074074 0.01909895833333337 0.019361111111111082
1 0.3324947916666667 0.4510462962962963 0.017979166666666657 0.01592592592592597
1 0.3453802083333333 0.47480555555555554 0.024807291666666724 0.0386388888888889
1 0.36644270833333337 0.4608611111111111 0.018078125000000018 0.02668518518518518
1 0.38342187499999997 0.4456388888888889 0.02213020833333334 0.028148148148148127
1 0.34102604166666667 0.40191666666666664 0.018098958333333335 0.024018518518518567
1 0.34194791666666663 0.4264722222222222 0.017942708333333356 0.028805555555555567
1 0.358390625 0.43466666666666665 0.016927083333333332 0.016833333333333287
1 0.36006770833333335 0.38802777777777775 0.01729166666666669 0.021046296296296313
1 0.3708072916666667 0.3647685185185185 0.014854166666666658 0.025916666666666675
1 0.38761979166666666 0.375537037037037 0.021552083333333392 0.03683333333333331
1 0.37286458333333333 0.40071296296296294 0.01896354166666671 0.019833333333333297
1 0.3766666666666667 0.4205740740740741 0.019583333333333286 0.015231481481481523
1 0.39703125 0.40953703703703703 0.019442708333333295 0.01975000000000004
1 0.4061822916666667 0.4347037037037037 0.022786458333333332 0.029324074074074037
1 0.4158177083333333 0.3979259259259259 0.019135416666666672 0.033750000000000044
1 0.4115625 0.354462962962963 0.017593749999999984 0.038990740740740756
1 0.4188125 0.3305740740740741 0.019140625 0.023120370370370395
1 0.447828125 0.2992777777777778 0.014364583333333295 0.03494444444444445
1 0.4670052083333333 0.303287037037037 0.01782291666666668 0.03234259259259255
1 0.43009895833333334 0.29874074074074075 0.013796875000000005 0.023240740740740763
1 0.42607812500000003 0.3153703703703704 0.018723958333333356 0.019277777777777824
1 0.42803645833333337 0.3623518518518518 0.017645833333333392 0.02109259259259257
1 0.44836458333333334 0.35488888888888886 0.015437500000000052 0.03628703703703709
1 0.43479687499999997 0.38772222222222225 0.01721874999999997 0.027527777777777793
1 0.456546875 0.3946388888888889 0.017843749999999995 0.03781481481481484
1 0.47613541666666664 0.3826203703703704 0.016145833333333335 0.03504629629629632
1 0.4910364583333333 0.3713611111111111 0.014041666666666685 0.033787037037037046
1 0.493328125 0.4142314814814815 0.018630208333333325 0.036222222222222225
1 0.5223854166666667 0.37130555555555556 0.017921875000000042 0.02659259259259262
1 0.6121822916666667 0.49962962962962965 0.021468749999999894 0.02694444444444436
1 0.6139375 0.5332314814814815 0.023802083333333238 0.033361111111111084
1 0.64775 0.5673518518518519 0.018932291666666618 0.0418888888888889
1 0.6220833333333334 0.5947962962962963 0.02653645833333324 0.029712962962962886
1 0.6745416666666666 0.6144722222222222 0.023010416666666582 0.039731481481481555
1 0.6214166666666666 0.63125 0.029916666666666696 0.04186111111111115
1 0.5938958333333333 0.6547777777777778 0.024979166666666684 0.025009259259259252
1 0.48522916666666666 0.6556203703703705 0.020395833333333377 0.03821296296296295
1 0.51140625 0.6670833333333334 0.026781250000000038 0.04019444444444452
1 0.4441979166666667 0.7258055555555556 0.026151041666666687 0.055981481481481514
1 0.47045312499999997 0.7020648148148149 0.022088541666666708 0.040999999999999974
1 0.45479687500000004 0.8025092592592593 0.0261354166666667 0.04805555555555564
1 0.489421875 0.8104074074074075 0.029375000000000047 0.0544074074074074
1 0.5140625 0.7445925925925926 0.02855729166666663 0.0485185185185186
1 0.48913541666666666 0.9168055555555555 0.034109375000000004 0.0566111111111112
1 0.5212135416666667 0.8302962962962963 0.025770833333333344 0.04390740740740747
1 0.5437031250000001 0.7990185185185186 0.028322916666666722 0.046296296296296294
1 0.5675989583333333 0.7795833333333334 0.02424479166666676 0.043064814814814806
1 0.5342812499999999 0.9754444444444444 0.03304687499999996 0.04187962962962965
1 0.565921875 0.9331944444444443 0.03268229166666667 0.06634259259259258
1 0.5752916666666666 0.8704259259259258 0.02901562500000002 0.03614814814814812
1 0.5760364583333334 0.6814351851851852 0.024026041666666723 0.040592592592592514
1 0.60165625 0.6897129629629629 0.023989583333333304 0.04038888888888879
1 0.6081458333333334 0.7373055555555555 0.026364583333333278 0.037083333333333295
1 0.6035052083333333 0.789787037037037 0.02886458333333337 0.05193518518518511
1 0.6156770833333333 0.9763240740740742 0.02904687499999999 0.04468518518518539
1 0.6267135416666666 0.870712962962963 0.026963541666666656 0.04614814814814807
1 0.6321197916666667 0.7975277777777778 0.025395833333333447 0.04856481481481486
1 0.6588541666666666 0.6738888888888889 0.0317135416666666 0.03494444444444445
1 0.6582291666666666 0.717037037037037 0.03164583333333345 0.04892592592592585
1 0.6456406250000001 0.946601851851852 0.03180729166666675 0.04704629629629635
1 0.6686354166666667 0.921074074074074 0.026515624999999925 0.062000000000000034
1 0.6503385416666667 0.9874722222222222 0.040026041666666616 0.025055555555555505
1 0.6891302083333334 0.8880740740740741 0.023901041666666602 0.040018518518518544
1 0.6625364583333333 0.8186574074074073 0.02788541666666665 0.04367592592592599
1 0.6520885416666666 0.7747685185185185 0.023479166666666627 0.03028703703703707
1 0.684765625 0.7864537037037037 0.02930729166666666 0.05261111111111105
1 0.6862447916666666 0.8483518518518519 0.021072916666666684 0.030768518518518535
1 0.711921875 0.9333611111111111 0.034708333333333265 0.050953703703703786
1 0.7150625 0.8587407407407408 0.028614583333333363 0.05259259259259255
1 0.7134010416666666 0.8075 0.021755208333333324 0.04546296296296288
1 0.7102968749999999 0.7504259259259259 0.027921875000000065 0.048657407407407365
1 0.70440625 0.7079259259259258 0.019083333333333268 0.028620370370370445
1 0.6975416666666666 0.6648240740740741 0.024802083333333277 0.037749999999999985
1 0.7342239583333333 0.6339351851851852 0.022145833333333323 0.02627777777777788
1 0.7227239583333334 0.690712962962963 0.023312500000000114 0.04552777777777785
1 0.741046875 0.6675648148148149 0.023416666666666686 0.04009259259259255
1 0.7866093749999999 0.6643518518518519 0.02201041666666678 0.03787037037037046
1 0.7669114583333333 0.6864629629629629 0.02033854166666676 0.04018518518518527
1 0.7351458333333334 0.7353796296296297 0.02163020833333344 0.03846296296296293
1 0.735046875 0.7775277777777778 0.021432291666666714 0.03685185185185181
1 0.7432395833333333 0.8206203703703704 0.024260416666666628 0.04235185185185186
1 0.7697760416666667 0.779462962962963 0.027833333333333363 0.05015740740740748
1 0.7611666666666667 0.8626018518518519 0.02474999999999999 0.03831481481481491
1 0.7714114583333332 0.9186759259259258 0.029328124999999972 0.05825925925925933
1 0.7973281249999999 0.8787777777777778 0.031072916666666592 0.05179629629629635
1 0.8333229166666667 0.8988981481481481 0.033510416666666744 0.06270370370370373
1 0.8004583333333334 0.8043425925925927 0.033203125 0.06010185185185193
1 0.8802135416666667 0.7953888888888889 0.03299479166666662 0.04219444444444439
1 0.8712656249999999 0.8459629629629629 0.03868229166666666 0.04589814814814809
1 0.23950520833333336 0.15466666666666665 0.013062500000000022 0.02610185185185185
1 0.27274479166666665 0.19458333333333333 0.01388020833333335 0.030685185185185173
1 0.22298437499999998 0.13624074074074072 0.014015624999999983 0.02362037037037036
1 0.21447395833333335 0.12177777777777779 0.013661458333333343 0.012472222222222233
1 0.20149479166666667 0.10868518518518518 0.012031250000000012 0.018287037037037036
1 0.19434895833333332 0.09601851851851852 0.006739583333333362 0.010129629629629627
1 0.262109375 0.22930555555555557 0.012942708333333315 0.00888888888888891
1 0.2520208333333333 0.2248888888888889 0.011760416666666688 0.011888888888888866
1 0.24166666666666667 0.2122037037037037 0.013718750000000017 0.02089814814814814
1 0.23268229166666668 0.19798148148148148 0.012083333333333357 0.013185185185185194
1 0.21498958333333332 0.1745648148148148 0.016359374999999985 0.020268518518518505
1 0.20438541666666668 0.1568425925925926 0.010145833333333344 0.020388888888888873
1 0.18793229166666667 0.13712037037037036 0.014572916666666677 0.022999999999999975
1 0.16579687499999998 0.06051851851851852 0.014958333333333348 0.02089814814814814
1 0.13706770833333334 0.06506481481481481 0.0125 0.019324074074074077
1 0.129484375 0.05433333333333334 0.013000000000000005 0.015046296296296302
1 0.12619270833333332 0.023490740740740743 0.008750000000000006 0.012620370370370372
1 0.20108333333333334 0.2577314814814815 0.01853645833333335 0.016555555555555553
1 0.175671875 0.23225925925925928 0.017380208333333334 0.026055555555555568
1 0.16827083333333331 0.21080555555555555 0.01690625000000002 0.022833333333333355
1 0.13877604166666666 0.16598148148148148 0.018906249999999993 0.02207407407407405
1 0.10582291666666667 0.11477777777777777 0.01733333333333332 0.02335185185185185
1 0.15677083333333333 0.26599999999999996 0.011906250000000007 0.017675925925925956
1 0.13297916666666668 0.22424074074074074 0.01765104166666666 0.026009259259259263
1 0.119046875 0.20487037037037037 0.014119791666666675 0.02045370370370368
1 0.10528124999999999 0.18314814814814817 0.01491145833333333 0.026175925925925908
1 0.08382812499999999 0.14772222222222223 0.016010416666666673 0.019314814814814826
1 0.07744791666666666 0.1250462962962963 0.01758333333333333 0.021962962962962976
1 0.06418229166666668 0.10337037037037038 0.015041666666666672 0.022462962962962955
1 0.06334375 0.06117592592592592 0.012703124999999992 0.01629629629629629
1 0.044015625 0.08848148148148148 0.014041666666666671 0.014611111111111113
1 0.0194375 0.043916666666666666 0.014880208333333336 0.01674074074074074
1 0.004166666666666667 0.011574074074074073 0.008333333333333333 0.013888888888888888
1 0.10655729166666666 0.039796296296296295 0.010802083333333339 0.012037037037037037
1 0.11640104166666668 0.054546296296296294 0.009822916666666674 0.012509259259259258
1 0.09571875 0.024814814814814814 0.011786458333333331 0.014083333333333335
1 0.08772916666666666 0.012453703703703703 0.011479166666666677 0.008907407407407406
1 0.03247395833333334 0.008064814814814816 0.010177083333333337 0.006777777777777778