1 0.473140625 0.8404259259259259 0.029432291666666662 0.05346296296296297
1 0.5014895833333334 0.8307129629629629 0.02638541666666671 0.04773148148148144
1 0.47722916666666665 0.9168611111111111 0.022187499999999954 0.048731481481481584
1 0.50384375 0.9330648148148148 0.0296510416666667 0.04773148148148154
1 0.5044114583333333 0.9931388888888888 0.029343749999999957 0.013722222222222373
1 0.5430625 0.9510555555555557 0.025218750000000036 0.04089814814814822
1 0.5428020833333334 0.8650277777777778 0.02517708333333335 0.04699999999999999
1 0.51259375 0.7840833333333332 0.023052083333333327 0.03927777777777784
1 0.5409635416666667 0.79125 0.02776562499999997 0.04590740740740734
1 0.5677708333333332 0.9274351851851852 0.026937499999999896 0.0544629629629629
1 0.5933072916666667 0.9071944444444444 0.025984374999999935 0.04310185185185181
1 0.602484375 0.8215648148148148 0.025541666666666647 0.044009259259259234
1 0.5974427083333332 0.9781481481481482 0.024609375 0.043694444444444494
1 0.6209739583333334 0.9651203703703704 0.02060416666666664 0.044185185185185105
1 0.632484375 0.9109444444444444 0.025796875000000104 0.05060185185185194
1 0.6290625 0.8707870370370371 0.02329687500000001 0.0268240740740741
1 0.6373489583333334 0.9884259259259259 0.024927083333333398 0.023138888888888688
1 0.63678125 0.8291574074074074 0.027645833333333297 0.0412037037037037
1 0.6274166666666667 0.7936574074074074 0.02289583333333335 0.025870370370370422
1 0.652109375 0.7809444444444444 0.025057291666666735 0.044990740740740665
1 0.6650781250000001 0.7416111111111111 0.022093750000000037 0.034851851851851946
1 0.6846197916666666 0.7213055555555555 0.02215104166666677 0.03620370370370362
1 0.6656458333333333 0.9701666666666666 0.03622916666666664 0.053416666666666716
1 0.6612604166666666 0.9247037037037037 0.026500000000000058 0.030157407407407348
1 0.6892604166666667 0.863361111111111 0.03191145833333332 0.049648148148148045
1 0.6949166666666666 0.8213703703703704 0.023947916666666676 0.04189814814814815
1 0.7093229166666667 0.7704814814814814 0.026265624999999914 0.048046296296296385
1 0.72771875 0.8277222222222222 0.028375000000000008 0.03833333333333342
1 0.7306041666666666 0.8688425925925927 0.025953124999999962 0.04091666666666672
1 0.7007187500000001 0.9358796296296297 0.03024999999999996 0.04993518518518514
1 0.7068593750000001 0.9824351851851851 0.025677083333333427 0.03512962962962968
1 0.7325572916666666 0.9125833333333334 0.02647916666666674 0.0393240740740741
1 0.731015625 0.9561666666666667 0.02581249999999997 0.03912037037037037
1 0.7343072916666666 0.9897129629629631 0.023239583333333275 0.020574074074073887
1 0.7561822916666666 0.8444722222222222 0.022661458333333447 0.04528703703703711
1 0.7668854166666667 0.7932962962962963 0.026723958333333304 0.020870370370370338
1 0.7819947916666667 0.8168148148148148 0.026109375000000056 0.025935185185185176
1 0.7946927083333333 0.8554537037037037 0.022593750000000058 0.044981481481481414
1 0.8183489583333333 0.8344537037037038 0.025583333333333277 0.04066666666666673
1 0.7647447916666666 0.8906944444444445 0.02918749999999998 0.04094444444444447
1 0.7606406250000001 0.9310555555555555 0.024359374999999992 0.03600925925925925
1 0.7672395833333333 0.9737870370370371 0.03225520833333325 0.03667592592592604
1 0.7907135416666667 0.9933518518518518 0.019453124999999953 0.013287037037036953
1 0.8204843749999999 0.9218703703703703 0.029859374999999962 0.04847222222222214
1 0.8238020833333334 0.9714444444444446 0.036494791666666755 0.05083333333333342
1 0.9183697916666667 0.9794166666666666 0.037729166666666696 0.03851851851851843
1 0.6542864583333333 0.6530925925925927 0.016020833333333446 0.03168518518518521
1 0.6693281249999999 0.6771203703703703 0.019489583333333373 0.03061111111111106
1 0.543265625 0.5645 0.018848958333333363 0.03224074074074068
1 0.5740260416666667 0.5273518518518518 0.01690104166666657 0.025888888888888923
1 0.5423229166666667 0.5229907407407408 0.01593749999999995 0.030509259259259302
1 0.5270989583333333 0.5306759259259259 0.018583333333333306 0.029499999999999908
1 0.5080416666666667 0.5397777777777778 0.01971354166666662 0.028277777777777745
1 0.403140625 0.6427962962962963 0.01942708333333331 0.03353703703703706
1 0.3771979166666667 0.6348148148148148 0.021791666666666622 0.03030555555555557
1 0.3374375 0.6135185185185186 0.021781249999999967 0.03260185185185189
1 0.3438177083333333 0.5813981481481482 0.024296875000000048 0.03387962962962955
1 0.33165104166666665 0.5527129629629629 0.020437500000000004 0.015342592592592534
1 0.31822395833333333 0.5884259259259259 0.020880208333333292 0.03156481481481474
1 0.396296875 0.5972314814814814 0.02245312499999995 0.03583333333333338
1 0.37907812500000004 0.5677037037037037 0.016000000000000014 0.027120370370370336
1 0.38053125 0.5505833333333333 0.01309895833333338 0.011074074074074108
1 0.3968333333333333 0.5589629629629629 0.016708333333333294 0.017518518518518586
1 0.3986927083333333 0.5420648148148147 0.01530208333333339 0.011018518518518603
1 0.41809375 0.5892685185185185 0.0179322916666667 0.03262962962962964
1 0.4153177083333333 0.5621111111111111 0.014093749999999971 0.02078703703703708
1 0.418921875 0.5360462962962963 0.019937499999999986 0.022046296296296244
1 0.41701041666666666 0.5140740740740741 0.013723958333333286 0.016314814814814713
1 0.43755208333333334 0.5781296296296297 0.01863541666666665 0.029175925925925918
1 0.45712499999999995 0.5642222222222222 0.02297395833333328 0.029259259259259176
1 0.43541145833333333 0.5542592592592592 0.017427083333333353 0.015999999999999976
1 0.43797916666666664 0.5344537037037037 0.01573437500000002 0.016425925925925934
1 0.438625 0.5225648148148149 0.014979166666666661 0.008425925925925842
1 0.45308333333333334 0.5419722222222223 0.015234375 0.014481481481481574
1 0.44994791666666667 0.5132037037037037 0.011697916666666686 0.024268518518518554
1 0.46896354166666665 0.5101203703703703 0.017312500000000005 0.021148148148148072
1 0.47175 0.5393703703703704 0.018447916666666706 0.02564814814814819
1 0.5049375 0.504287037037037 0.018968750000000038 0.02887962962962968
1 0.48901041666666667 0.5360092592592592 0.016453124999999957 0.02985185185185186
1 0.4885364583333333 0.5120185185185185 0.01721874999999997 0.024324074074074057
1 0.3133229166666667 0.2923981481481482 0.012812499999999952 0.02542592592592596
1 0.2903645833333333 0.2616574074074074 0.01008854166666661 0.018870370370370367
1 0.28238541666666667 0.25389814814814815 0.010208333333333286 0.016814814814814786
1 0.2765 0.24285185185185182 0.010411458333333339 0.011537037037037071
1 0.3559427083333333 0.36079629629629634 0.011354166666666643 0.019296296296296325
1 0.34908854166666664 0.3468425925925926 0.010250000000000033 0.018296296296296286
1 0.33567708333333335 0.32775000000000004 0.011489583333333305 0.01934259259259258
1 0.3276614583333333 0.3183240740740741 0.006177083333333281 0.007796296296296259
1 0.327390625 0.31013888888888885 0.011937500000000038 0.008222222222222218
1 0.265625 0.23727777777777778 0.00947916666666669 0.009916666666666674
1 0.25059895833333334 0.24687962962962962 0.010317708333333305 0.01735185185185186
1 0.261765625 0.26342592592592595 0.01090104166666664 0.016814814814814786
1 0.2726354166666667 0.2793981481481482 0.011833333333333347 0.01962037037037042
1 0.28096875000000004 0.29205555555555557 0.011473958333333319 0.010175925925925934
1 0.28650520833333337 0.30174999999999996 0.012765624999999996 0.01050925925925928
1 0.29242708333333334 0.3153518518518518 0.007588541666666633 0.015861111111111107
1 0.30167187500000003 0.3231759259259259 0.009364583333333343 0.01972222222222218
1 0.3109322916666667 0.33325000000000005 0.012760416666666666 0.012416666666666637
1 0.31535416666666666 0.34900000000000003 0.010880208333333386 0.020379629629629623
1 0.32865104166666664 0.37115740740740744 0.01256770833333339 0.022083333333333354
1 0.33999479166666663 0.38952777777777775 0.012557291666666614 0.02015740740740739
1 0.353328125 0.3997407407407408 0.010536458333333342 0.009759259259259226
1 0.29657291666666663 0.4286851851851852 0.013984374999999953 0.018879629629629618
1 0.2906666666666667 0.4193148148148148 0.014338541666666652 0.015842592592592606
1 0.28538020833333333 0.4079814814814815 0.012729166666666696 0.014472222222222218
1 0.2776927083333333 0.3973425925925926 0.010593749999999957 0.015055555555555548
1 0.27284895833333334 0.38880555555555557 0.009734375000000028 0.014796296296296313
1 0.25307291666666665 0.4242222222222222 0.013057291666666693 0.020611111111111104
1 0.2500260416666667 0.40646296296296297 0.014531249999999989 0.00705555555555556
1 0.24561979166666664 0.3974074074074074 0.016130208333333347 0.009018518518518526
1 0.26051041666666663 0.361962962962963 0.014692708333333323 0.023879629629629594
1 0.24771875000000002 0.33862962962962967 0.014010416666666655 0.01812962962962967
1 0.23545833333333333 0.31975925925925924 0.014718749999999996 0.020185185185185143
1 0.22447916666666667 0.2961388888888889 0.014510416666666673 0.017212962962962992
1 0.20900520833333333 0.267712962962963 0.014151041666666645 0.02258333333333332
1 0.2028802083333333 0.3149351851851852 0.016713541666666682 0.029592592592592625
1 0.18971875 0.2901759259259259 0.014348958333333309 0.020425925925925875
1 0.18099479166666665 0.2720185185185185 0.011411458333333317 0.017749999999999964
1 0.16421354166666668 0.24606481481481482 0.015041666666666665 0.014046296296296258
1 0.17346354166666667 0.2596481481481482 0.013682291666666657 0.011490740740740711
1 0.17926041666666667 0.22169444444444444 0.008562500000000028 0.013499999999999986
1 0.1525885416666667 0.22196296296296297 0.013869791666666664 0.015157407407407411
1 0.13084895833333332 0.17962962962962964 0.010739583333333321 0.012324074074074076
1 0.14760937500000001 0.1642037037037037 0.008953125000000029 0.008935185185185164
1 0.11708333333333334 0.14922222222222223 0.009375 0.01484259259259262
1 0.09678645833333334 0.10506481481481482 0.007875000000000002 0.01003703703703704
1 0.08603125 0.08185185185185186 0.008125000000000012 0.009574074074074077
1 0.10986458333333333 0.09097222222222222 0.009119791666666661 0.011555555555555546
1 0.11229166666666666 0.0989074074074074 0.007364583333333326 0.010055555555555568
1 0.11909895833333332 0.11059259259259259 0.008994791666666658 0.008759259259259267
1 0.13711979166666666 0.1404537037037037 0.00689062500000001 0.009629629629629608
1 0.19833333333333333 0.17699074074074075 0.010770833333333308 0.014898148148148126
1 0.2139375 0.16747222222222222 0.00888020833333331 0.011537037037037018
1 0.19905729166666666 0.14165740740740743 0.008755208333333304 0.016518518518518495
1 0.18857291666666667 0.1616203703703704 0.009218750000000024 0.008250000000000023
1 0.18282291666666667 0.1502962962962963 0.0074999999999999884 0.009694444444444469
1 0.17638020833333332 0.1403888888888889 0.009744791666666686 0.010055555555555568
1 0.17070833333333332 0.13043518518518518 0.008802083333333321 0.007527777777777774
1 0.16518750000000001 0.12278703703703706 0.009739583333333357 0.009055555555555544
1 0.170328125 0.10017592592592592 0.008364583333333305 0.009231481481481481
1 0.14880729166666665 0.09378703703703704 0.011036458333333362 0.012138888888888874
1 0.14394791666666668 0.08612037037037037 0.0076197916666666645 0.008027777777777766
1 0.13694791666666667 0.07919444444444444 0.007489583333333331 0.009851851851851839
1 0.07422916666666667 0.025425925925925928 0.007218750000000007 0.0071296296296296325
1 0.06335937500000001 0.0349537037037037 0.0059687500000000044 0.006009259259259254
1 0.0591875 0.02662962962962963 0.006765625000000005 0.006185185185185185
1 0.06689062500000001 0.011324074074074075 0.00546875 0.005277777777777777
1 0.070390625 0.015592592592592592 0.006161458333333325 0.004277777777777777
1 0.08053645833333332 0.03295370370370371 0.005010416666666669 0.004824074074074068
1 0.10565625000000001 0.02512962962962963 0.007651041666666665 0.007666666666666668
1 0.12034375 0.024203703703703703 0.006124999999999995 0.009185185185185187
1 0.11672916666666668 0.01811111111111111 0.0058333333333333275 0.006527777777777776