1 0.4598802083333334 0.7930185185185186 0.02628125000000002 0.046305555555555544
1 0.49972395833333333 0.7280092592592593 0.020781250000000046 0.037083333333333295
1 0.48691666666666666 0.781037037037037 0.023562500000000004 0.053000000000000005
1 0.52509375 0.7451851851851852 0.023848958333333375 0.04260185185185184
1 0.4712552083333333 0.8663981481481482 0.02063541666666661 0.043425925925926014
1 0.4946927083333333 0.888287037037037 0.030994791666666664 0.0529444444444445
1 0.5297083333333333 0.8182685185185186 0.03003645833333337 0.051740740740740844
1 0.4952083333333333 0.9722314814814814 0.03913020833333339 0.05496296296296298
1 0.5308645833333333 0.9003518518518518 0.026260416666666706 0.05363888888888895
1 0.5529479166666668 0.8729814814814816 0.02783854166666657 0.04215740740740738
1 0.5795052083333334 0.8488148148148148 0.031255208333333444 0.05873148148148154
1 0.5912031249999999 0.7607777777777778 0.02321874999999996 0.03772222222222223
1 0.6146822916666667 0.7350185185185185 0.0265625 0.029481481481481407
1 0.619140625 0.772537037037037 0.02939583333333336 0.041398148148148184
1 0.6159635416666667 0.8179351851851852 0.025062499999999942 0.03662962962962958
1 0.619421875 0.8588611111111112 0.03300520833333328 0.037361111111111026
1 0.624140625 0.8974444444444445 0.02417708333333337 0.04781481481481491
1 0.594421875 0.9395648148148148 0.028640624999999885 0.052722222222222274
1 0.5706822916666667 0.9845462962962962 0.04098958333333324 0.03090740740740751
1 0.626 0.9515648148148149 0.02891145833333345 0.0532870370370371
1 0.664828125 0.9055555555555556 0.032536458333333226 0.055018518518518585
1 0.654625 0.8585925925925926 0.022270833333333448 0.031416666666666725
1 0.6771770833333334 0.7979351851851851 0.03290104166666671 0.047120370370370465
1 0.678171875 0.7547407407407407 0.028796874999999982 0.0382592592592592
1 0.69371875 0.7032222222222222 0.02440104166666662 0.04161111111111116
1 0.6365364583333334 0.7219907407407408 0.03274479166666661 0.03587962962962963
1 0.6420625 0.6789351851851851 0.026557291666666552 0.041712962962962924
1 0.6658854166666667 0.6621666666666667 0.02044791666666678 0.03522222222222219
1 0.637546875 0.6160925925925926 0.019552083333333314 0.040435185185185255
1 0.642796875 0.5855462962962963 0.019911458333333344 0.03162037037037045
1 0.74490625 0.7300648148148149 0.019265624999999887 0.026777777777777845
1 0.71221875 0.7589444444444444 0.026916666666666582 0.046675925925926
1 0.6881979166666666 0.8741111111111111 0.028572916666666733 0.05163888888888887
1 0.6781458333333333 0.9818425925925927 0.02976562500000005 0.036314814814814626
1 0.696078125 0.9616203703703703 0.032156249999999886 0.04455555555555545
1 0.6992291666666667 0.919148148148148 0.023244791666666723 0.04255555555555559
1 0.7199479166666667 0.9858981481481481 0.029192708333333428 0.028203703703703738
1 0.73246875 0.9496388888888888 0.032937499999999884 0.04583333333333333
1 0.72384375 0.8973148148148148 0.023802083333333238 0.045750000000000075
1 0.7160677083333333 0.8476944444444444 0.028526041666666658 0.03847222222222218
1 0.7165052083333333 0.8041851851851851 0.02635416666666662 0.03798148148148146
1 0.7376822916666667 0.7765740740740741 0.026124999999999923 0.04047222222222226
1 0.7583541666666667 0.7605925925925926 0.026895833333333268 0.046361111111111054
1 0.7835364583333334 0.7843333333333333 0.025541666666666647 0.05597222222222226
1 0.8009322916666667 0.7628888888888888 0.024838541666666696 0.0455370370370371
1 0.7461666666666668 0.8252685185185185 0.030921874999999942 0.03148148148148148
1 0.753765625 0.8659629629629629 0.027859374999999888 0.03353703703703706
1 0.753609375 0.9092962962962963 0.028562500000000077 0.04267592592592585
1 0.7767395833333333 0.9488796296296296 0.02614062500000003 0.04791666666666667
1 0.7753072916666667 0.9917592592592592 0.032406249999999893 0.01648148148148165
1 0.8066145833333334 0.8509074074074074 0.030109374999999973 0.039472222222222325
1 0.80571875 0.9069351851851852 0.03745312499999993 0.06500000000000004
1 0.8087395833333333 0.9696851851851852 0.029296875 0.05527777777777772
1 0.84375 0.9791666666666666 0.029166666666666667 0.041666666666666664
1 0.8707499999999999 0.9581759259259258 0.04073958333333323 0.052083333333333336
1 0.9030781250000001 0.9118796296296297 0.039473958333333316 0.06587037037037047
1 0.3565 0.5793888888888888 0.01931249999999996 0.030120370370370346
1 0.38119270833333335 0.5927314814814815 0.021031250000000057 0.027962962962963005
1 0.31063541666666666 0.5581203703703703 0.02798437500000001 0.043472222222222266
1 0.31993229166666665 0.5295 0.0293333333333333 0.031314814814814754
1 0.29041666666666666 0.5487962962962963 0.01594791666666661 0.02302777777777768
1 0.2932916666666667 0.5304444444444444 0.02168750000000005 0.013370370370370421
1 0.28120833333333334 0.519537037037037 0.01679166666666667 0.018592592592592525
1 0.29075520833333335 0.505361111111111 0.019666666666666662 0.029907407407407365
1 0.33907291666666667 0.48432407407407413 0.021973958333333363 0.029305555555555588
1 0.34741666666666665 0.5198981481481482 0.019401041666666667 0.03915740740740738
1 0.35856770833333335 0.4936018518518519 0.011276041666666714 0.026222222222222164
1 0.3741510416666667 0.5450277777777778 0.025197916666666723 0.03351851851851856
1 0.3688333333333333 0.5213518518518518 0.017609374999999972 0.020425925925925875
1 0.3771614583333333 0.5020277777777779 0.024119791666666637 0.02144444444444452
1 0.3749635416666666 0.48442592592592587 0.018708333333333372 0.0150833333333333
1 0.3900520833333333 0.5126944444444445 0.019479166666666714 0.02293518518518517
1 0.39740625 0.5387037037037037 0.018979166666666696 0.028074074074074015
1 0.39301562500000004 0.4713148148148148 0.020338541666666644 0.033935185185185214
1 0.38643750000000004 0.4487685185185185 0.01224999999999999 0.019490740740740697
1 0.4047916666666667 0.4505 0.014473958333333314 0.013944444444444395
1 0.40706770833333333 0.49844444444444447 0.018020833333333285 0.017870370370370328
1 0.41526041666666663 0.5240925925925926 0.019187499999999958 0.02951851851851862
1 0.41340625000000003 0.47887962962962966 0.018515624999999977 0.02382407407407409
1 0.4181770833333333 0.46087962962962964 0.016911458333333348 0.016666666666666666
1 0.4371770833333333 0.5125648148148149 0.023468749999999972 0.029888888888888864
1 0.4287395833333333 0.48960185185185184 0.01572395833333336 0.01821296296296303
1 0.4472447916666667 0.48344444444444445 0.021291666666666723 0.03115740740740744
1 0.44417708333333333 0.4330833333333334 0.02123958333333332 0.0386018518518519
1 0.4629010416666667 0.4507037037037037 0.022182291666666624 0.02155555555555553
1 0.4689270833333333 0.47125000000000006 0.0159791666666667 0.024796296296296323
1 0.48025520833333335 0.443 0.017338541666666648 0.029601851851851876
1 0.48742708333333334 0.4846851851851852 0.019505208333333357 0.040851851851851806
1 0.5159114583333333 0.5035648148148149 0.02069791666666667 0.03353703703703706
1 0.5069739583333334 0.47219444444444447 0.019057291666666625 0.021268518518518544
1 0.5186197916666667 0.4609814814814815 0.0180052083333333 0.025898148148148174
1 0.5501145833333333 0.4609629629629629 0.022166666666666637 0.0330648148148148
1 0.5004479166666667 0.40699074074074076 0.020197916666666652 0.03330555555555558
1 0.46514062500000003 0.4245462962962963 0.018552083333333278 0.023333333333333376
1 0.2947916666666667 0.30737962962962967 0.014546875000000034 0.02157407407407403
1 0.286140625 0.29409259259259257 0.010437499999999982 0.018444444444444406
1 0.2797395833333333 0.283712962962963 0.013854166666666619 0.021129629629629675
1 0.272421875 0.2761388888888889 0.007338541666666624 0.020398148148148124
1 0.26352604166666665 0.2610277777777778 0.01388541666666668 0.019027777777777737
1 0.2546510416666667 0.2521851851851852 0.009317708333333325 0.015768518518518494
1 0.29189062499999996 0.25005555555555553 0.02091666666666671 0.022324074074074086
1 0.3053177083333333 0.2706574074074074 0.010250000000000033 0.022064814814814853
1 0.3105 0.2855185185185185 0.006411458333333305 0.013916666666666641
1 0.32166145833333337 0.29475 0.011494791666666634 0.03058333333333331
1 0.33424479166666665 0.3152037037037037 0.009281249999999967 0.02100925925925931
1 0.2530677083333333 0.20045370370370372 0.012239583333333333 0.01868518518518519
1 0.2446875 0.1905185185185185 0.008656250000000002 0.018648148148148136
1 0.22476041666666668 0.3094074074074074 0.018499999999999992 0.023833333333333342
1 0.24098958333333334 0.33761111111111114 0.014447916666666671 0.029759259259259246
1 0.25258854166666667 0.359787037037037 0.011281249999999984 0.023638888888888862
1 0.23595833333333335 0.17837962962962964 0.011479166666666648 0.01779629629629627
1 0.22040625 0.19996296296296298 0.013062500000000022 0.01971296296296298
1 0.23402083333333332 0.21825925925925926 0.01182812500000002 0.020509259259259238
1 0.24628125 0.2339537037037037 0.014817708333333356 0.02103703703703701
1 0.2664270833333333 0.21795370370370368 0.01274999999999998 0.021120370370370373
1 0.31427083333333333 0.3369537037037037 0.01469791666666668 0.012240740740740766
1 0.20763541666666668 0.283 0.018078125000000018 0.025287037037036986
1 0.19717708333333334 0.2563888888888889 0.0186875 0.01898148148148148
1 0.176171875 0.22416666666666665 0.014177083333333347 0.0224351851851852
1 0.17628125 0.2890833333333333 0.01508854166666668 0.0238981481481481
1 0.168890625 0.27028703703703705 0.015583333333333312 0.01592592592592597
1 0.15721354166666668 0.252712962962963 0.014442708333333342 0.020268518518518505
1 0.145578125 0.23184259259259257 0.01409895833333336 0.018046296296296303
1 0.13215625 0.2043425925925926 0.011552083333333322 0.019824074074074098
1 0.12805208333333334 0.18725925925925926 0.015151041666666669 0.016527777777777797
1 0.11711458333333334 0.1875462962962963 0.00994270833333332 0.015851851851851857
1 0.14683333333333334 0.18663888888888888 0.011052083333333348 0.017750000000000016
1 0.20165625 0.14700925925925926 0.011677083333333312 0.013787037037037025
1 0.178203125 0.14975 0.010593750000000016 0.014342592592592601
1 0.10891666666666668 0.11796296296296296 0.01090104166666667 0.008787037037037046
1 0.09485416666666667 0.09377777777777778 0.009859375000000004 0.013490740740740734
1 0.140453125 0.09212037037037037 0.010786458333333353 0.011416666666666677
1 0.14776562499999998 0.10382407407407407 0.008749999999999977 0.012611111111111115
1 0.16622916666666668 0.1327685185185185 0.01026041666666669 0.013712962962962965
1 0.16479166666666664 0.09269444444444444 0.008078124999999995 0.011324074074074065
1 0.14283854166666668 0.061768518518518514 0.009307291666666669 0.011203703703703698
1 0.12560416666666666 0.07112962962962963 0.010953125000000015 0.013879629629629638
1 0.13358854166666667 0.07988888888888888 0.008166666666666655 0.010407407407407416
1 0.12844270833333335 0.042 0.008296875000000004 0.012388888888888885
1 0.07377604166666667 0.10338888888888889 0.01076041666666668 0.014194444444444456
1 0.062875 0.07958333333333334 0.010484374999999997 0.011027777777777775
1 0.08855208333333334 0.08112037037037037 0.011145833333333322 0.012861111111111125
1 0.03584895833333333 0.02727777777777778 0.009901041666666666 0.013814814814814816
1 0.030713541666666667 0.016972222222222222 0.010041666666666667 0.0105
1 0.0275 0.010379629629629631 0.008479166666666668 0.007175925925925926
1 0.079671875 0.0650462962962963 0.01004687500000001 0.012805555555555561
1 0.061640625 0.03226851851851852 0.010093749999999997 0.010212962962962964
1 0.10284895833333334 0.006342592592592592 0.007796875000000014 0.008972222222222223
1 0.09798958333333332 0.025444444444444443 0.007802083333333343 0.008907407407407406
1 0.09111979166666666 0.017925925925925925 0.006557291666666654 0.009925925925925925
1 0.08463541666666667 0.008407407407407407 0.0074739583333333455 0.006935185185185185