1 0.46171875 0.8039351851851851 0.028822916666666625 0.059398148148148235
1 0.4868385416666667 0.7903518518518519 0.02173437500000001 0.04422222222222221
1 0.5028802083333334 0.7370925925925925 0.020109374999999947 0.05159259259259262
1 0.5276145833333333 0.7555925925925926 0.02798958333333328 0.04862962962962961
1 0.4703177083333333 0.8770462962962964 0.025791666666666657 0.04976851851851852
1 0.5263906249999999 0.8320740740740741 0.03004687499999997 0.041740740740740676
1 0.49368229166666666 0.908787037037037 0.03318229166666668 0.04731481481481473
1 0.6456197916666666 0.6024444444444444 0.021239583333333437 0.032037037037036954
1 0.643203125 0.6304814814814814 0.024276041666666734 0.03817592592592594
1 0.5914843750000001 0.7749259259259259 0.023109374999999942 0.047324074074073984
1 0.6157135416666667 0.7474259259259259 0.026619791666666733 0.04028703703703703
1 0.6419374999999999 0.7373888888888889 0.0296145833333334 0.05216666666666659
1 0.644828125 0.6920833333333334 0.02528124999999998 0.04749074074074071
1 0.66875 0.6809722222222223 0.019177083333333417 0.04124074074074071
1 0.5330625 0.9111944444444445 0.027651041666666685 0.06012962962962968
1 0.5032083333333334 0.9745277777777778 0.04548958333333329 0.05093518518518539
1 0.5543125 0.8837870370370371 0.036432291666666575 0.05127777777777788
1 0.57928125 0.8612222222222222 0.03242708333333345 0.05608333333333328
1 0.6255104166666666 0.7857777777777778 0.03159374999999993 0.047055555555555496
1 0.618359375 0.8291203703703705 0.037531249999999974 0.03983333333333332
1 0.6171041666666667 0.871 0.039510416666666735 0.04367592592592599
1 0.5970052083333334 0.9440555555555556 0.03415104166666675 0.05791666666666662
1 0.5742604166666666 0.9910185185185185 0.03024999999999996 0.01796296296296305
1 0.6200677083333334 0.9127314814814815 0.03194791666666674 0.04522222222222215
1 0.6302187499999999 0.9630277777777777 0.03540104166666656 0.055898148148148044
1 0.6981770833333333 0.7230925925925926 0.0319427083333333 0.03957407407407408
1 0.6814635416666667 0.7681296296296297 0.024375000000000095 0.04772222222222219
1 0.6752135416666667 0.818037037037037 0.03209895833333339 0.061620370370370325
1 0.66096875 0.8732777777777778 0.02834375000000004 0.03823148148148145
1 0.6644114583333334 0.9187407407407407 0.04084375000000004 0.05523148148148157
1 0.753 0.7431018518518518 0.025838541666666732 0.03963888888888884
1 0.7181979166666667 0.7800740740740741 0.027036458333333256 0.03364814814814807
1 0.7214947916666666 0.8188703703703704 0.029135416666666695 0.03531481481481491
1 0.695734375 0.8934722222222222 0.03267708333333322 0.042666666666666596
1 0.7212031250000001 0.8582870370370371 0.03417187500000007 0.056212962962963
1 0.7426302083333333 0.7901944444444444 0.024197916666666687 0.04390740740740747
1 0.760921875 0.7786574074074074 0.029317708333333314 0.04879629629629634
1 0.8060885416666667 0.7807222222222222 0.025239583333333353 0.0489351851851851
1 0.7848802083333334 0.8016018518518518 0.027786458333333285 0.052740740740740776
1 0.7496197916666667 0.8379166666666668 0.02581249999999997 0.047444444444444456
1 0.7021510416666668 0.9438611111111112 0.029781249999999915 0.0455370370370371
1 0.8082812500000001 0.8660740740740741 0.027374999999999972 0.04781481481481491
1 0.7237916666666667 0.9161851851851852 0.029229166666666608 0.04012962962962956
1 0.7521510416666667 0.8847407407407407 0.027510416666666752 0.03520370370370369
1 0.7573593750000001 0.9296944444444445 0.0334322916666667 0.04917592592592583
1 0.6783281250000001 0.9920185185185186 0.029338541666666627 0.015962962962962762
1 0.7021822916666667 0.9809814814814816 0.03321354166666666 0.03587037037037017
1 0.7300989583333333 0.9641388888888889 0.028359374999999905 0.05213888888888884
1 0.8113177083333334 0.9196111111111109 0.03795312499999994 0.05897222222222217
1 0.781328125 0.9677870370370371 0.02854687499999997 0.041435185185185186
1 0.81534375 0.9760277777777777 0.033635416666666626 0.04793518518518517
1 0.8732760416666667 0.9674166666666666 0.035984375000000075 0.0566851851851851
1 0.9065260416666666 0.9288425925925927 0.03842708333333344 0.057462962962963014
1 0.8464427083333333 0.9920185185185186 0.03177083333333333 0.015962962962962762
1 0.3619895833333333 0.5955925925925926 0.026041666666666668 0.03232407407407415
1 0.32478125 0.5456574074074073 0.02467708333333339 0.034361111111111016
1 0.29950520833333333 0.5415648148148148 0.022458333333333278 0.020185185185185143
1 0.30078125 0.5633611111111111 0.02163020833333332 0.02780555555555553
1 0.31960416666666663 0.5767037037037037 0.02556770833333329 0.03250925925925917
1 0.34334895833333334 0.5027777777777778 0.02585416666666672 0.030509259259259302
1 0.3556458333333333 0.5297777777777778 0.017848958333333324 0.03656481481481482
1 0.36333333333333334 0.5090277777777777 0.01973437500000005 0.025037037037037004
1 0.3861614583333333 0.6038425925925925 0.020437500000000004 0.020851851851851837
1 0.37415625 0.5348425925925926 0.020031250000000018 0.016722222222222173
1 0.3770208333333333 0.5551388888888888 0.029135416666666695 0.03534259259259266
1 0.38165104166666663 0.49895370370370373 0.018156249999999947 0.01487962962962957
1 0.3841822916666667 0.5191574074074075 0.02322395833333329 0.021314814814814797
1 0.40021874999999996 0.547 0.020458333333333318 0.03902777777777786
1 0.39825520833333333 0.4804166666666667 0.022151041666666652 0.03974074074074076
1 0.42190104166666664 0.5372129629629631 0.01999479166666672 0.02546296296296296
1 0.4144479166666667 0.5132314814814815 0.02418750000000003 0.019453703703703695
1 0.4198177083333333 0.49014814814814817 0.018072916666666692 0.023240740740740656
1 0.42998437500000003 0.4464444444444445 0.018171875000000053 0.0257407407407407
1 0.4526354166666666 0.4554166666666667 0.01964583333333335 0.03169444444444446
1 0.43973437499999996 0.5244166666666666 0.026437499999999996 0.029842592592592608
1 0.4330989583333333 0.5014444444444444 0.021031250000000057 0.023851851851851843
1 0.4554010416666667 0.4974166666666667 0.022932291666666653 0.029787037037037105
1 0.4719166666666667 0.4859537037037037 0.01662500000000004 0.02283333333333341
1 0.46765104166666666 0.4670185185185185 0.020458333333333318 0.020944444444444398
1 0.48905208333333333 0.4556851851851852 0.021677083333333277 0.03023148148148146
1 0.4901770833333333 0.49662962962962964 0.01942708333333331 0.030203703703703604
1 0.509234375 0.48171296296296295 0.020458333333333318 0.03634259259259259
1 0.500953125 0.4227777777777778 0.016250000000000025 0.024370370370370417
1 0.5219791666666667 0.5174351851851853 0.024588541666666686 0.027861111111111034
1 0.5291979166666666 0.4771666666666667 0.016546874999999992 0.02324999999999996
1 0.5592239583333334 0.47800000000000004 0.018161458333333276 0.02491666666666669
1 0.290609375 0.5225185185185186 0.020395833333333377 0.022055555555555495
1 0.3916614583333333 0.45416666666666666 0.01682812499999997 0.019212962962962963
1 0.29989062499999997 0.31774074074074077 0.015598958333333357 0.0253796296296296
1 0.29131250000000003 0.30562962962962964 0.010968749999999972 0.018296296296296286
1 0.285078125 0.2940277777777778 0.014890624999999958 0.02079629629629633
1 0.27636979166666664 0.28928703703703706 0.014828125000000015 0.030157407407407452
1 0.26680729166666667 0.2720185185185185 0.012093750000000014 0.014490740740740719
1 0.263546875 0.2661851851851852 0.014244791666666649 0.013083333333333329
1 0.25071354166666665 0.24691666666666667 0.013640625000000028 0.015694444444444487
1 0.24038020833333332 0.23073148148148148 0.010322916666666692 0.0141574074074074
1 0.22733333333333333 0.2104537037037037 0.011229166666666639 0.021601851851851837
1 0.270515625 0.22942592592592592 0.00986979166666669 0.025259259259259287
1 0.2613958333333333 0.21913888888888888 0.013802083333333333 0.020120370370370386
1 0.25141145833333334 0.2023425925925926 0.010223958333333331 0.019083333333333345
1 0.24425520833333333 0.19300925925925924 0.009395833333333315 0.017555555555555536
1 0.23690104166666667 0.18359259259259259 0.008187500000000014 0.009000000000000025
1 0.3086302083333334 0.2795648148148148 0.0109010416666667 0.014138888888888873
1 0.31216145833333336 0.29091666666666666 0.0054322916666667 0.014583333333333334
1 0.32118749999999996 0.2981388888888889 0.009026041666666628 0.022157407407407362
1 0.3178697916666666 0.3502592592592592 0.015890624999999995 0.02358333333333336
1 0.133921875 0.20262962962962963 0.012380208333333325 0.01279629629629629
1 0.14177083333333332 0.2172037037037037 0.013614583333333326 0.019675925925925927
1 0.15191666666666667 0.24328703703703702 0.011744791666666643 0.015277777777777777
1 0.16371875 0.26046296296296295 0.011250000000000012 0.018787037037037005
1 0.174421875 0.2783425925925926 0.011437500000000019 0.018546296296296273
1 0.18291145833333333 0.2992222222222222 0.010109374999999983 0.020898148148148193
1 0.24791145833333333 0.34367592592592594 0.01285416666666664 0.025833333333333312
1 0.25654166666666667 0.3705925925925926 0.01469791666666668 0.024824074074074023
1 0.26864062499999997 0.3821851851851852 0.00997916666666668 0.01374074074074077
1 0.22799479166666667 0.31324074074074076 0.015442708333333322 0.02322222222222226
1 0.212390625 0.2907222222222222 0.014109375000000016 0.024092592592592575
1 0.201734375 0.2649722222222222 0.012088541666666685 0.02780555555555553
1 0.182984375 0.23512962962962963 0.015072916666666695 0.02638888888888889
1 0.22751041666666666 0.3850555555555556 0.019291666666666648 0.022907407407407415
1 0.37378125 0.5438333333333334 0.020692708333333344 0.03265740740740739
1 0.394875 0.5299444444444444 0.021531249999999957 0.03276851851851861
1 0.3373072916666667 0.32266666666666666 0.010619791666666718 0.021037037037037062
1 0.3475885416666667 0.3388425925925926 0.013760416666666704 0.022398148148148198
1 0.29608333333333337 0.26049999999999995 0.012703125000000053 0.022175925925925967
1 0.12399479166666666 0.1942685185185185 0.014458333333333328 0.01520370370370372
1 0.15440104166666666 0.1969074074074074 0.011661458333333326 0.014287037037037043
1 0.18550000000000003 0.16312037037037036 0.012859375000000029 0.014870370370370372
1 0.209 0.1552962962962963 0.011062500000000005 0.01471296296296295
1 0.11778124999999999 0.1309537037037037 0.014229166666666663 0.01715740740740738
1 0.09836458333333334 0.14626851851851852 0.011994791666666652 0.016805555555555535
1 0.08300520833333333 0.11274074074074074 0.011781250000000002 0.01943518518518518
1 0.07241145833333333 0.09278703703703703 0.009755208333333343 0.015166666666666662
1 0.10270833333333333 0.10519444444444444 0.011968750000000009 0.016750000000000004
1 0.09578645833333334 0.09064814814814816 0.012072916666666671 0.012444444444444442
1 0.08896875 0.07861111111111112 0.010635416666666675 0.011601851851851853
1 0.045807291666666666 0.04210185185185185 0.007093750000000002 0.01139814814814815
1 0.042708333333333334 0.03214814814814815 0.01047916666666667 0.011629629629629632
1 0.071421875 0.047657407407407405 0.01039583333333333 0.013222222222222224
1 0.16234374999999998 0.1265 0.009244791666666667 0.011333333333333341
1 0.1545052083333333 0.11467592592592592 0.010125000000000028 0.010935185185185187
1 0.14708854166666668 0.10383333333333333 0.012718749999999978 0.012481481481481472
1 0.14097395833333334 0.09218518518518519 0.011817708333333362 0.012425925925925915
1 0.133 0.08269444444444445 0.009812500000000002 0.012027777777777787
1 0.11328645833333333 0.02036111111111111 0.007854166666666659 0.009740740740740744
1 0.09147916666666665 0.014962962962962963 0.006937499999999997 0.014435185185185183
1 0.09444791666666667 0.02539814814814815 0.01026041666666666 0.013620370370370368
1 0.10163020833333333 0.03437037037037037 0.008072916666666667 0.012981481481481478
1 0.10813541666666666 0.042722222222222224 0.007140624999999989 0.00952777777777777
1 0.17190625 0.10503703703703704 0.010072916666666683 0.013324074074074061
1 0.15283854166666666 0.07622222222222222 0.008536458333333326 0.014574074074074083
1 0.14273958333333334 0.061759259259259264 0.005765625000000026 0.015083333333333325