1 0.5004114583333333 0.9297962962962962 0.028140624999999985 0.05499074074074083
1 0.525 0.9172777777777777 0.024307291666666706 0.04708333333333325
1 0.5359947916666666 0.8733796296296297 0.02315625000000002 0.04325925925925928
1 0.5660052083333333 0.8812777777777777 0.028229166666666573 0.05391666666666668
1 0.49455208333333334 0.9862870370370371 0.01931770833333329 0.027425925925925826
1 0.5251875 0.9952777777777778 0.027567708333333368 0.009435185185185236
1 0.5649479166666667 0.9514166666666667 0.02996874999999998 0.048527777777777746
1 0.587 0.9888518518518519 0.023947916666666676 0.02228703703703719
1 0.6141770833333333 0.9837129629629631 0.024322916666666573 0.03257407407407392
1 0.6258072916666666 0.9136574074074074 0.023479166666666627 0.056972222222222195
1 0.6623125000000001 0.9858518518518519 0.02997395833333343 0.028287037037037204
1 0.6620572916666667 0.9571296296296297 0.026572916666666658 0.03424074074074076
1 0.6694895833333334 0.9179907407407407 0.02504166666666663 0.03993518518518529
1 0.6522864583333334 0.8870833333333333 0.015703125000000047 0.029546296296296373
1 0.67821875 0.8741203703703704 0.021296874999999934 0.03616666666666662
1 0.7154375000000001 0.9608518518518518 0.029213541666666742 0.05710185185185192
1 0.7166666666666667 0.9146574074074074 0.02396354166666678 0.038416666666666675
1 0.6951093749999999 0.8336296296296297 0.02133854166666656 0.04430555555555547
1 0.6911041666666667 0.7483703703703704 0.016223958333333382 0.02631481481481488
1 0.70025 0.7769074074074074 0.02197916666666657 0.0371203703703703
1 0.7178125000000001 0.823537037037037 0.020473958333333306 0.04124999999999996
1 0.7377708333333334 0.8727037037037036 0.026645833333333258 0.05219444444444434
1 0.7485416666666667 0.9331296296296296 0.02794791666666659 0.044509259259259304
1 0.7520625 0.971888888888889 0.025343749999999925 0.04490740740740741
1 0.7631510416666667 0.9948518518518519 0.022463541666666722 0.010296296296296196
1 0.7880208333333333 0.9875 0.027083333333333334 0.025
1 0.7845624999999999 0.9460277777777778 0.023838541666666657 0.04460185185185192
1 0.8073020833333333 0.8946018518518518 0.01822395833333322 0.029157407407407417
1 0.8079583333333333 0.9281759259259259 0.02628125000000002 0.04146296296296294
1 0.8260572916666666 0.9656851851851852 0.023911458333333257 0.051351851851851885
1 0.8460572916666667 0.9456574074074073 0.026317708333333436 0.0507222222222223
1 0.37346874999999996 0.6949074074074074 0.022005208333333335 0.03249999999999992
1 0.40757812499999996 0.7175925925925926 0.022744791666666705 0.03330555555555558
1 0.398828125 0.6714537037037037 0.011994791666666652 0.03358333333333332
1 0.43718229166666667 0.7217407407407408 0.02411458333333331 0.031333333333333255
1 0.4347083333333333 0.685787037037037 0.023984374999999978 0.031398148148148224
1 0.41424479166666667 0.6689074074074074 0.011015625000000048 0.030203703703703604
1 0.42861458333333335 0.6704351851851852 0.015656249999999972 0.021268518518518544
1 0.431640625 0.6447222222222222 0.015921874999999967 0.01781481481481482
1 0.44423958333333335 0.6544166666666666 0.011234374999999967 0.020083333333333384
1 0.45296875000000003 0.6735 0.01616145833333332 0.02738888888888882
1 0.4667395833333333 0.6481296296296296 0.014786458333333386 0.019490740740740697
1 0.47361458333333334 0.6714814814814816 0.01889583333333332 0.03363888888888882
1 0.48747395833333335 0.6531851851851852 0.021552083333333392 0.04846296296296289
1 0.48819270833333334 0.6174444444444445 0.0066041666666667 0.01810185185185181
1 0.5029479166666666 0.6385740740740741 0.01586979166666668 0.03122222222222225
1 0.518921875 0.6324537037037037 0.021781249999999967 0.04126851851851846
1 0.5425885416666667 0.6389259259259259 0.01995833333333336 0.04222222222222214
1 0.5614739583333334 0.6278055555555555 0.015307291666666601 0.0371203703703703
1 0.5802447916666666 0.6189444444444445 0.01815104166666662 0.03137962962962972
1 0.60828125 0.6253240740740741 0.018307291666666715 0.032157407407407426
1 0.5775989583333333 0.6576666666666666 0.022494791666666694 0.03686111111111106
1 0.3094895833333334 0.5159814814814815 0.017833333333333336 0.012435185185185244
1 0.31059895833333334 0.5259351851851852 0.00926562499999998 0.012351851851851775
1 0.31719270833333335 0.5367314814814814 0.012135416666666643 0.0114166666666666
1 0.3194739583333333 0.5466111111111112 0.00873437499999999 0.012009259259259284
1 0.28810416666666666 0.4734814814814815 0.01256770833333339 0.02080555555555558
1 0.284609375 0.4606388888888889 0.014968750000000005 0.007629629629629638
1 0.279859375 0.4491666666666667 0.01484375 0.012185185185185157
1 0.24852604166666667 0.3788518518518519 0.012661458333333304 0.02161111111111114
1 0.238734375 0.3685277777777778 0.009026041666666687 0.012629629629629617
1 0.230109375 0.3511759259259259 0.012401041666666638 0.012944444444444462
1 0.33448958333333334 0.5082037037037037 0.014374999999999952 0.021064814814814814
1 0.3210520833333333 0.47815740740740736 0.014223958333333305 0.02350000000000005
1 0.31860937500000003 0.4620648148148148 0.01590624999999998 0.00964814814814811
1 0.3138229166666667 0.45408333333333334 0.013369791666666705 0.015351851851851889
1 0.31103125 0.4490555555555556 0.015291666666666615 0.013648148148148156
1 0.304015625 0.4397870370370371 0.011572916666666681 0.01427777777777774
1 0.2940989583333333 0.41544444444444445 0.016598958333333278 0.022268518518518476
1 0.288078125 0.39911111111111114 0.014869791666666642 0.020453703703703734
1 0.275578125 0.38539814814814816 0.0156614583333333 0.016370370370370323
1 0.268359375 0.3629074074074074 0.011536458333333352 0.0147222222222222
1 0.25571875 0.3495740740740741 0.012979166666666646 0.016407407407407433
1 0.28575520833333334 0.32589814814814816 0.011624999999999967 0.011574074074074073
1 0.3015 0.34951851851851856 0.013572916666666638 0.01212962962962965
1 0.3118854166666667 0.35174074074074074 0.011838541666666676 0.01574074074074074
1 0.31608854166666667 0.36317592592592596 0.00852604166666661 0.014435185185185214
1 0.3216145833333333 0.3699722222222222 0.007380208333333371 0.015537037037037012
1 0.32783333333333337 0.38228703703703704 0.009505208333333333 0.019324074074074077
1 0.33633854166666666 0.39208333333333334 0.00916145833333329 0.014731481481481451
1 0.34048958333333335 0.4041666666666667 0.005744791666666652 0.015564814814814764
1 0.34898437499999996 0.4158611111111111 0.011947916666666695 0.01810185185185181
1 0.3557760416666667 0.4309722222222222 0.011937500000000038 0.0191481481481481
1 0.36349479166666665 0.4469074074074074 0.011890624999999962 0.016018518518518477
1 0.37562500000000004 0.46505555555555556 0.01505208333333338 0.027305555555555566
1 0.388078125 0.48414814814814816 0.012770833333333323 0.01712962962962963
1 0.396859375 0.5013611111111111 0.015322916666666705 0.019879629629629653
1 0.40773437500000004 0.5206481481481481 0.015499999999999995 0.01843518518518526
1 0.43613541666666666 0.5062314814814814 0.01275000000000001 0.02877777777777771
1 0.41263020833333336 0.47224999999999995 0.011229166666666639 0.022509259259259208
1 0.40414062500000003 0.463037037037037 0.007375000000000043 0.014916666666666679
1 0.3788385416666667 0.420787037037037 0.01069270833333332 0.012944444444444462
1 0.3746041666666667 0.409287037037037 0.010677083333333334 0.015796296296296246
1 0.3635677083333333 0.3968055555555556 0.012510416666666658 0.018342592592592542
1 0.360875 0.38639814814814816 0.009468750000000033 0.007527777777777774
1 0.35633333333333334 0.38089814814814815 0.007416666666666671 0.01487037037037032
1 0.34565625 0.36426851851851855 0.016546874999999992 0.018287037037037036
1 0.32628125 0.35108333333333336 0.010619791666666718 0.007759259259259255
1 0.32054166666666667 0.3403425925925926 0.012265624999999976 0.016277777777777815
1 0.3140677083333333 0.32987037037037037 0.011984374999999995 0.010351851851851805
1 0.30239583333333336 0.3139166666666666 0.00927083333333331 0.011777777777777804
1 0.21084895833333334 0.30480555555555555 0.014677083333333308 0.014407407407407357
1 0.20238541666666665 0.2839537037037037 0.011354166666666643 0.018546296296296273
1 0.2243645833333333 0.2883148148148148 0.009828125000000002 0.014768518518518561
1 0.18658854166666666 0.25172222222222224 0.010708333333333304 0.014935185185185182
1 0.17793229166666666 0.22847222222222222 0.007458333333333359 0.014296296296296295
1 0.171625 0.2125 0.009854166666666645 0.01235185185185183
1 0.18244791666666668 0.19650925925925924 0.008052083333333352 0.007879629629629622
1 0.18496875 0.20405555555555555 0.008406249999999994 0.012138888888888902
1 0.19033854166666667 0.21301851851851852 0.009765625 0.01089814814814813
1 0.19451562500000003 0.2238888888888889 0.011557291666666695 0.014287037037037043
1 0.22055208333333332 0.21000925925925926 0.008760416666666692 0.009879629629629644
1 0.22595833333333332 0.2159259259259259 0.008328125000000004 0.010037037037037014
1 0.22910416666666666 0.22394444444444445 0.008046875000000024 0.008574074074074066
1 0.237796875 0.2400925925925926 0.005270833333333336 0.009185185185185173
1 0.244953125 0.2527037037037037 0.007864583333333345 0.01190740740740742
1 0.252796875 0.26698148148148143 0.00947916666666669 0.013777777777777774
1 0.27097916666666666 0.2617777777777778 0.009276041666666639 0.01087962962962963
1 0.25981770833333334 0.24508333333333332 0.006645833333333328 0.013333333333333312
1 0.235390625 0.20517592592592593 0.009843749999999988 0.01270370370370373
1 0.23038020833333334 0.19457407407407407 0.007322916666666638 0.009018518518518526
1 0.20044791666666667 0.14977777777777776 0.010755208333333321 0.006129629629629634
1 0.19797395833333334 0.1450462962962963 0.009562500000000007 0.006666666666666656
1 0.18670312500000003 0.14931481481481482 0.005307291666666695 0.013537037037037042
1 0.15946875 0.15051851851851852 0.008989583333333329 0.010925925925925936
1 0.146890625 0.15744444444444444 0.007744791666666669 0.004777777777777801
1 0.14595833333333333 0.15116666666666667 0.00681770833333335 0.006407407407407422
1 0.15407812499999998 0.13693518518518516 0.004296875 0.00544444444444444
1 0.17715625 0.1356574074074074 0.004968749999999981 0.004546296296296319
1 0.19119270833333332 0.13340740740740742 0.004906249999999978 0.00756481481481483
1 0.17165104166666667 0.09913888888888889 0.006151041666666638 0.006555555555555567
1 0.17272916666666666 0.10330555555555555 0.004088541666666679 0.0057037037037037
1 0.12576041666666668 0.10457407407407407 0.005338541666666667 0.008240740740740746
1 0.123328125 0.10058333333333333 0.004703124999999986 0.007759259259259255
1 0.13495833333333335 0.09833333333333334 0.007328125000000011 0.011611111111111103
1 0.15550520833333334 0.09285185185185185 0.0038697916666666408 0.005638888888888892
1 0.16269270833333332 0.10641666666666667 0.005583333333333347 0.006925925925925916
1 0.16248437500000001 0.08591666666666667 0.0061041666666666805 0.010944444444444439
1 0.154921875 0.07501851851851851 0.005166666666666645 0.005870370370370374
1 0.15295833333333334 0.07005555555555555 0.005276041666666664 0.004916666666666669
1 0.14921875 0.06332407407407407 0.007145833333333348 0.008527777777777785
1 0.14222916666666666 0.07079629629629629 0.00781770833333333 0.005962962962962961
1 0.13134895833333332 0.08914814814814814 0.007036458333333329 0.009416666666666655
1 0.12580729166666668 0.07756481481481481 0.006557291666666654 0.0060185185185185185
1 0.12228125 0.07077777777777777 0.00632291666666666 0.006824074074074078
1 0.11490625 0.07931481481481481 0.00724479166666668 0.0054722222222222195
1 0.113046875 0.07155555555555555 0.00529166666666668 0.005231481481481487
1 0.119609375 0.06268518518518519 0.00628645833333333 0.006351851851851865
1 0.14346354166666667 0.05402777777777778 0.006755208333333347 0.007009259259259266
1 0.13829166666666665 0.0632037037037037 0.006765625000000005 0.0069351851851851935
1 0.09034375 0.017222222222222222 0.00596874999999999 0.006564814814814817
1 0.09425 0.029851851851851855 0.004656249999999999 0.004981481481481481
1 0.09690625 0.03590740740740741 0.005697916666666665 0.006453703703703703
1 0.10141145833333334 0.045537037037037036 0.005010416666666669 0.006444444444444438
1 0.10430208333333332 0.05523148148148148 0.006234375000000014 0.0065833333333333325
1 0.10707291666666667 0.06108333333333333 0.005510416666666658 0.006648148148148155
1 0.11003645833333334 0.06616666666666667 0.005166666666666675 0.004638888888888881
1 0.09694791666666666 0.014796296296296297 0.004348958333333345 0.00425925925925926
1 0.09913020833333334 0.01925 0.0055885416666666765 0.005055555555555556
1 0.10833333333333334 0.03966666666666667 0.004604166666666654 0.0063703703703703665
1 0.10965104166666667 0.046175925925925926 0.004390625000000004 0.005194444444444444
1 0.11539062500000001 0.02112962962962963 0.004755208333333331 0.009833333333333331
1 0.12138020833333334 0.03438888888888889 0.004192708333333339 0.007472222222222216
1 0.130203125 0.04988888888888889 0.005026041666666655 0.00806481481481481
1 0.12013541666666666 0.01712037037037037 0.004838541666666678 0.007379629629629628
1 0.12526041666666668 0.024814814814814814 0.005109375000000001 0.005537037037037034
1 0.12895833333333334 0.03192592592592592 0.003390624999999995 0.0035555555555555588
1 0.131328125 0.03503703703703704 0.0044270833333333185 0.005222222222222223
1 0.13393750000000001 0.039462962962962964 0.0053645833333333245 0.00544444444444444