1 0.5005104166666666 0.9795648148148148 0.039046875000000016 0.04087037037037025
1 0.49700520833333334 0.9130277777777778 0.030203125000000004 0.03784259259259249
1 0.47316145833333334 0.8845277777777777 0.023666666666666693 0.03286111111111112
1 0.4651510416666667 0.81225 0.029593749999999967 0.055740740740740785
1 0.4926197916666667 0.8005925925925926 0.02325520833333338 0.04055555555555551
1 0.5071666666666667 0.7505555555555555 0.022177083333333295 0.0445277777777777
1 0.533578125 0.7638981481481482 0.025624999999999964 0.04684259259259252
1 0.5333645833333333 0.8418611111111112 0.03068229166666665 0.04994444444444449
1 0.5355208333333333 0.9212777777777778 0.028593750000000046 0.051083333333333404
1 0.5607604166666668 0.8965185185185185 0.03244270833333331 0.05684259259259269
1 0.5852291666666667 0.8767314814814815 0.028338541666666592 0.0481574074074074
1 0.5924947916666666 0.7843333333333333 0.030979166666666676 0.05843518518518509
1 0.619796875 0.7596574074074074 0.024312499999999914 0.04159259259259266
1 0.6472916666666666 0.6180462962962963 0.019869791666666713 0.033101851851851855
1 0.6553697916666666 0.6486018518518518 0.026880208333333398 0.02757407407407405
1 0.6508541666666667 0.7059537037037037 0.02425520833333342 0.04310185185185181
1 0.6465260416666666 0.7535 0.031145833333333428 0.04390740740740747
1 0.6757916666666667 0.6990370370370371 0.03206249999999997 0.029277777777777677
1 0.6316979166666666 0.8030740740740742 0.03440624999999997 0.04388888888888897
1 0.6225937500000001 0.8407129629629629 0.030833333333333237 0.04113888888888895
1 0.6180989583333333 0.8857592592592592 0.038296875000000105 0.03370370370370379
1 0.59403125 0.955648148148148 0.03040104166666661 0.06292592592592595
1 0.6192135416666668 0.9320277777777778 0.031385416666666784 0.04659259259259253
1 0.6337604166666666 0.9739722222222224 0.03121354166666658 0.04756481481481471
1 0.704859375 0.7381944444444445 0.023442708333333447 0.03282407407407412
1 0.6850416666666667 0.7855740740740741 0.025874999999999915 0.04465740740740742
1 0.683296875 0.8358240740740741 0.032437500000000105 0.060629629629629644
1 0.6632135416666666 0.8863425925925926 0.027937499999999935 0.04624074074074079
1 0.6667395833333334 0.9381481481481482 0.042312499999999885 0.0588148148148148
1 0.7259010416666667 0.7931111111111111 0.02529166666666664 0.0418518518518519
1 0.723609375 0.8318703703703704 0.027114583333333307 0.036462962962963065
1 0.7269687499999999 0.8730092592592593 0.030171874999999914 0.058601851851851815
1 0.69696875 0.9060648148148148 0.03418749999999993 0.03855555555555565
1 0.7040364583333333 0.9543055555555556 0.030947916666666703 0.05699074074074081
1 0.7274583333333333 0.9302129629629629 0.028411458333333427 0.049462962962962924
1 0.7543385416666666 0.8538333333333333 0.028218749999999914 0.04787962962962966
1 0.7579375 0.7606018518518519 0.020781250000000046 0.03698148148148153
1 0.9137083333333333 0.9564537037037038 0.037880208333333346 0.04829629629629627
1 0.7506458333333333 0.8107685185185185 0.02357291666666678 0.03490740740740745
1 0.769015625 0.7933888888888889 0.023739583333333297 0.037537037037037
1 0.809453125 0.7985833333333333 0.026880208333333398 0.03166666666666671
1 0.7904322916666667 0.8221851851851852 0.026333333333333306 0.05124074074074066
1 0.7570208333333334 0.8993796296296297 0.02992708333333335 0.03981481481481482
1 0.7064479166666667 0.9921666666666666 0.024791666666666618 0.015666666666666735
1 0.7333385416666667 0.9759074074074074 0.02919791666666664 0.04818518518518515
1 0.7626302083333333 0.9440092592592593 0.031994791666666585 0.04127777777777771
1 0.8142395833333332 0.8891481481481481 0.03463020833333322 0.04536111111111112
1 0.785953125 0.9795648148148148 0.02927083333333324 0.04087037037037025
1 0.8133489583333334 0.9435833333333333 0.02919791666666664 0.04043518518518515
1 0.8251197916666667 0.9844444444444445 0.03536458333333338 0.031111111111111027
1 0.8725260416666667 0.97875 0.035072916666666745 0.04249074074074062
1 0.3065572916666667 0.5721388888888889 0.02147395833333334 0.03559259259259264
1 0.33022916666666663 0.5554351851851852 0.026765625000000053 0.03794444444444446
1 0.32554687499999996 0.5902685185185186 0.028369791666666682 0.036083333333333356
1 0.36584374999999997 0.6065648148148148 0.022088541666666708 0.041037037037036976
1 0.39563020833333334 0.618287037037037 0.02954166666666668 0.043342592592592544
1 0.363984375 0.5440092592592592 0.018369791666666656 0.03623148148148158
1 0.3695104166666667 0.5199722222222223 0.01661979166666671 0.02715740740740734
1 0.38517708333333334 0.5753518518518519 0.02417708333333337 0.02574999999999995
1 0.38323958333333336 0.5501666666666666 0.018479166666666675 0.017648148148148097
1 0.38601041666666663 0.5243703703703704 0.01853645833333329 0.027833333333333283
1 0.4056770833333333 0.5614351851851852 0.022203125000000056 0.0385648148148149
1 0.40377083333333336 0.5320925925925926 0.015645833333333314 0.022138888888888965
1 0.38699479166666667 0.5084537037037037 0.02049479166666662 0.013879629629629638
1 0.408796875 0.4962592592592593 0.020213541666666637 0.03826851851851845
1 0.429046875 0.553425925925926 0.022307291666666628 0.024166666666666583
1 0.42186979166666666 0.5291388888888889 0.0180052083333333 0.02274074074074069
1 0.4452760416666666 0.5345555555555556 0.020927083333333367 0.030314814814814822
1 0.4268177083333333 0.5038796296296297 0.016020833333333328 0.017740740740740817
1 0.42908854166666666 0.487212962962963 0.01690625000000002 0.020166666666666642
1 0.441 0.5108518518518519 0.016953124999999975 0.01867592592592599
1 0.5297447916666667 0.5301481481481481 0.01978124999999995 0.02638888888888889
1 0.4589739583333333 0.5116018518518518 0.01906770833333328 0.03155555555555549
1 0.4580989583333333 0.4710833333333333 0.021890624999999986 0.03505555555555551
1 0.4752916666666666 0.4821296296296297 0.021526041666666627 0.019759259259259237
1 0.47482291666666665 0.5039074074074075 0.016927083333333332 0.02755555555555555
1 0.4939427083333333 0.47370370370370374 0.023161458333333346 0.030546296296296304
1 0.49486458333333333 0.5116666666666667 0.01952083333333334 0.03494444444444445
1 0.515359375 0.49592592592592594 0.018442708333333377 0.034342592592592515
1 0.5335572916666667 0.49442592592592594 0.018270833333333295 0.028083333333333266
1 0.5611041666666666 0.4936388888888889 0.015749999999999886 0.031398148148148224
1 0.3045104166666667 0.33089814814814816 0.013723958333333286 0.019666666666666676
1 0.29759895833333333 0.3155462962962963 0.015453125000000038 0.013342592592592564
1 0.29073958333333333 0.3045833333333333 0.011796875000000047 0.017425925925925973
1 0.28318750000000004 0.29225 0.0140625 0.01877777777777775
1 0.2735208333333333 0.28212037037037035 0.013927083333333338 0.016388888888888932
1 0.26908333333333334 0.27075925925925926 0.014192708333333333 0.018064814814814808
1 0.2578489583333333 0.25622222222222224 0.014588541666666661 0.016620370370370414
1 0.27781249999999996 0.23721296296296296 0.011541666666666709 0.019249999999999993
1 0.268796875 0.22993518518518521 0.016364583333333342 0.024194444444444466
1 0.2616354166666667 0.21853703703703706 0.013026041666666691 0.014407407407407409
1 0.2535 0.20654629629629628 0.010463541666666683 0.016435185185185185
1 0.24844791666666666 0.19635185185185186 0.009510416666666662 0.013925925925925944
1 0.27157812499999995 0.38881481481481484 0.01644791666666666 0.018444444444444406
1 0.277984375 0.3987037037037037 0.015536458333333296 0.015462962962963005
1 0.30258854166666665 0.26993518518518517 0.015364583333333333 0.024527777777777787
1 0.31817708333333333 0.2882037037037037 0.0163697916666667 0.01719444444444449
1 0.31944791666666666 0.35491666666666666 0.018916666666666634 0.02381481481481484
1 0.3254739583333333 0.30850925925925926 0.01267708333333329 0.0187685185185185
1 0.34287500000000004 0.5276759259259259 0.020640625000000058 0.021342592592592552
1 0.30438541666666663 0.521712962962963 0.018260416666666637 0.022046296296296244
1 0.23432291666666666 0.3854444444444444 0.01399479166666667 0.021037037037037062
1 0.23924479166666668 0.4021666666666666 0.016734375 0.01816666666666667
1 0.250640625 0.3495462962962963 0.01821354166666668 0.028166666666666628
1 0.26299999999999996 0.3759444444444444 0.01717708333333331 0.0209722222222222
1 0.23601041666666667 0.3225925925925926 0.01648437499999999 0.02477777777777777
1 0.22197395833333333 0.3020185185185185 0.018598958333333353 0.023083333333333286
1 0.18882291666666667 0.3020185185185185 0.01267708333333335 0.02624074074074077
1 0.20905208333333333 0.27778703703703705 0.012291666666666678 0.020407407407407374
1 0.34102604166666667 0.3296203703703704 0.012505208333333328 0.02462962962962965
1 0.351015625 0.3473333333333333 0.0076197916666667235 0.019009259259259233
1 0.33232291666666663 0.3711851851851852 0.011083333333333318 0.019351851851851832
1 0.19184895833333335 0.24508333333333332 0.015177083333333325 0.02287962962962964
1 0.16283854166666664 0.24989814814814815 0.01221354166666669 0.016740740740740778
1 0.171984375 0.26952777777777776 0.01541145833333335 0.02441666666666667
1 0.1834375 0.2891944444444444 0.01345833333333335 0.01796296296296294
1 0.234640625 0.22278703703703706 0.011083333333333318 0.017759259259259266
1 0.24825 0.24162037037037035 0.012546875000000016 0.023842592592592592
1 0.15090104166666668 0.22775925925925927 0.01498437499999999 0.01980555555555557
1 0.16308854166666667 0.20529629629629628 0.010046874999999981 0.014351851851851852
1 0.13421354166666666 0.20210185185185187 0.016234374999999992 0.019009259259259288
1 0.10973958333333332 0.15837962962962965 0.01346354166666668 0.016805555555555535
1 0.12836979166666668 0.1425925925925926 0.012546874999999987 0.012083333333333343
1 0.09374479166666667 0.12421296296296297 0.009895833333333333 0.016370370370370375
1 0.08554166666666667 0.10369444444444444 0.010359374999999994 0.0163611111111111
1 0.11446875 0.1171574074074074 0.011385416666666674 0.01330555555555556
1 0.10993229166666667 0.10467592592592592 0.01296354166666666 0.010435185185185195
1 0.07201041666666666 0.07702777777777778 0.009041666666666674 0.010407407407407416
1 0.06058854166666667 0.05521296296296297 0.00928645833333334 0.010972222222222223
1 0.08539583333333334 0.06132407407407408 0.010067708333333324 0.013722222222222216
1 0.089984375 0.07248148148148148 0.009473958333333332 0.009194444444444451
1 0.10755729166666667 0.03582407407407407 0.008218749999999986 0.01165740740740741
1 0.1139375 0.049574074074074076 0.006765625000000005 0.01075
1 0.119859375 0.05439814814814815 0.006177083333333341 0.01091666666666666
1 0.12703645833333332 0.06625925925925927 0.012541666666666658 0.015703703703703713
1 0.192546875 0.17308333333333334 0.011250000000000012 0.01781481481481482
1 0.1445625 0.09542592592592593 0.01118229166666668 0.014046296296296284
1 0.15305729166666668 0.1063888888888889 0.011302083333333357 0.012287037037037046
1 0.15841666666666668 0.11567592592592593 0.00958854166666665 0.011916666666666671
1 0.16471875 0.1275462962962963 0.01065104166666669 0.013564814814814793
1 0.17173437500000002 0.13807407407407407 0.010468750000000011 0.012509259259259251
1 0.181375 0.11743518518518517 0.010218750000000002 0.017009259259259252
1 0.12625 0.03571296296296296 0.006526041666666652 0.014592592592592595
1 0.153453125 0.07719444444444445 0.007651041666666695 0.00757407407407408
1 0.1974739583333333 0.14289814814814816 0.010447916666666638 0.011111111111111112